FPR	TPR	THR
0.000000	0.000000	-2.310547
0.000000	0.000720	-2.289062
0.000000	0.002160	-2.257812
0.000000	0.006479	-2.230469
0.000000	0.007919	-2.208984
0.000000	0.012959	-2.189453
0.000000	0.014399	-2.183594
0.000000	0.015119	-2.166016
0.000000	0.016559	-2.162109
0.000000	0.020878	-2.160156
0.000000	0.022318	-2.148438
0.000000	0.029518	-2.142578
0.000774	0.030958	-2.134766
0.000774	0.033837	-2.128906
0.001548	0.033837	-2.123047
0.001548	0.034557	-2.119141
0.002322	0.034557	-2.117188
0.002322	0.035277	-2.113281
0.003096	0.035277	-2.111328
0.003096	0.037437	-2.107422
0.003096	0.038157	-2.105469
0.003096	0.039597	-2.103516
0.003096	0.042477	-2.099609
0.003096	0.043916	-2.095703
0.003096	0.049676	-2.093750
0.003096	0.051116	-2.089844
0.003096	0.052556	-2.087891
0.003096	0.053996	-2.085938
0.003096	0.056875	-2.078125
0.003096	0.059035	-2.076172
0.003096	0.060475	-2.074219
0.003096	0.061195	-2.072266
0.003096	0.062635	-2.070312
0.003870	0.063355	-2.064453
0.004644	0.063355	-2.062500
0.004644	0.064795	-2.060547
0.004644	0.066235	-2.056641
0.004644	0.067675	-2.054688
0.004644	0.069114	-2.052734
0.004644	0.073434	-2.050781
0.004644	0.074874	-2.046875
0.004644	0.075594	-2.042969
0.004644	0.078474	-2.039062
0.004644	0.083513	-2.033203
0.004644	0.084953	-2.031250
0.004644	0.087113	-2.029297
0.004644	0.088553	-2.027344
0.004644	0.094312	-2.025391
0.005418	0.094312	-2.023438
0.005418	0.098632	-2.021484
0.005418	0.100072	-2.017578
0.006192	0.100792	-2.015625
0.006192	0.101512	-2.013672
0.006966	0.101512	-2.011719
0.006966	0.102232	-2.009766
0.006966	0.104392	-2.007812
0.006966	0.105832	-2.005859
0.006966	0.107271	-2.003906
0.006966	0.109431	-2.001953
0.006966	0.112311	-1.999023
0.007740	0.112311	-1.998047
0.007740	0.113031	-1.997070
0.007740	0.114471	-1.996094
0.007740	0.115911	-1.992188
0.008514	0.116631	-1.986328
0.008514	0.119510	-1.984375
0.008514	0.120950	-1.983398
0.008514	0.122390	-1.982422
0.008514	0.126710	-1.981445
0.008514	0.128150	-1.980469
0.008514	0.131030	-1.975586
0.009288	0.132469	-1.974609
0.009288	0.134629	-1.970703
0.009288	0.136069	-1.965820
0.009288	0.138949	-1.964844
0.010062	0.140389	-1.963867
0.010062	0.141829	-1.962891
0.010062	0.142549	-1.961914
0.010062	0.143988	-1.959961
0.010062	0.144708	-1.958984
0.010836	0.144708	-1.958008
0.010836	0.149028	-1.957031
0.011610	0.150468	-1.956055
0.011610	0.151188	-1.954102
0.011610	0.152628	-1.952148
0.012384	0.154068	-1.951172
0.012384	0.156947	-1.950195
0.012384	0.158387	-1.948242
0.012384	0.159827	-1.946289
0.012384	0.160547	-1.945312
0.012384	0.164867	-1.941406
0.012384	0.166307	-1.940430
0.012384	0.167027	-1.937500
0.012384	0.168467	-1.935547
0.013158	0.168467	-1.934570
0.013158	0.171346	-1.933594
0.013158	0.174226	-1.929688
0.013158	0.175666	-1.926758
0.013158	0.176386	-1.923828
0.013158	0.177826	-1.919922
0.013158	0.178546	-1.918945
0.013158	0.179986	-1.916992
0.013158	0.180706	-1.916016
0.013158	0.182145	-1.915039
0.013158	0.182865	-1.913086
0.013158	0.184305	-1.910156
0.013158	0.186465	-1.909180
0.013932	0.186465	-1.908203
0.013932	0.187905	-1.906250
0.014706	0.188625	-1.905273
0.014706	0.189345	-1.904297
0.014706	0.191505	-1.898438
0.014706	0.194384	-1.896484
0.014706	0.195824	-1.894531
0.014706	0.197984	-1.893555
0.015480	0.198704	-1.892578
0.015480	0.199424	-1.890625
0.016254	0.201584	-1.888672
0.016254	0.203024	-1.887695
0.016254	0.205184	-1.885742
0.016254	0.206623	-1.884766
0.016254	0.208783	-1.882812
0.016254	0.210223	-1.878906
0.016254	0.212383	-1.877930
0.016254	0.213103	-1.876953
0.017802	0.214543	-1.875977
0.017802	0.216703	-1.875000
0.017802	0.218143	-1.874023
0.017802	0.221022	-1.873047
0.018576	0.221742	-1.872070
0.018576	0.225342	-1.871094
0.019350	0.225342	-1.869141
0.019350	0.227502	-1.868164
0.019350	0.230382	-1.867188
0.019350	0.232541	-1.864258
0.019350	0.233981	-1.862305
0.019350	0.235421	-1.860352
0.020898	0.236141	-1.859375
0.020898	0.238301	-1.857422
0.021672	0.239741	-1.855469
0.021672	0.240461	-1.851562
0.021672	0.241901	-1.849609
0.021672	0.243341	-1.848633
0.021672	0.245500	-1.846680
0.021672	0.246940	-1.844727
0.021672	0.248380	-1.841797
0.021672	0.250540	-1.836914
0.022446	0.251980	-1.835938
0.022446	0.253420	-1.834961
0.022446	0.255580	-1.833008
0.022446	0.257019	-1.832031
0.023994	0.258459	-1.831055
0.024768	0.260619	-1.829102
0.024768	0.261339	-1.828125
0.026316	0.261339	-1.827148
0.027090	0.262059	-1.826172
0.027090	0.263499	-1.824219
0.028638	0.266379	-1.823242
0.029412	0.267099	-1.821289
0.029412	0.269258	-1.819336
0.029412	0.270698	-1.816406
0.030186	0.271418	-1.815430
0.030186	0.272858	-1.813477
0.030186	0.275018	-1.812500
0.030186	0.276458	-1.807617
0.030186	0.279338	-1.806641
0.030186	0.280778	-1.801758
0.030186	0.281497	-1.800781
0.030186	0.282937	-1.798828
0.030186	0.285097	-1.797852
0.030960	0.286537	-1.795898
0.030960	0.287257	-1.793945
0.030960	0.288697	-1.792969
0.030960	0.289417	-1.791992
0.030960	0.292297	-1.791016
0.030960	0.293017	-1.788086
0.030960	0.294456	-1.787109
0.030960	0.295176	-1.786133
0.030960	0.297336	-1.785156
0.031734	0.297336	-1.782227
0.031734	0.298776	-1.780273
0.031734	0.300936	-1.779297
0.031734	0.302376	-1.778320
0.031734	0.303816	-1.777344
0.031734	0.305256	-1.773438
0.031734	0.307415	-1.772461
0.031734	0.308855	-1.770508
0.031734	0.314615	-1.769531
0.031734	0.316055	-1.766602
0.032508	0.316775	-1.763672
0.032508	0.318934	-1.761719
0.032508	0.321814	-1.760742
0.032508	0.322534	-1.759766
0.033282	0.323254	-1.758789
0.033282	0.323974	-1.756836
0.033282	0.325414	-1.755859
0.033282	0.328294	-1.753906
0.033282	0.329734	-1.750977
0.033282	0.331174	-1.749023
0.033282	0.334053	-1.747070
0.034056	0.335493	-1.746094
0.034056	0.336213	-1.744141
0.034056	0.338373	-1.743164
0.034830	0.339813	-1.742188
0.034830	0.340533	-1.740234
0.034830	0.343413	-1.739258
0.035604	0.343413	-1.738281
0.035604	0.344852	-1.735352
0.035604	0.347012	-1.732422
0.036378	0.348452	-1.731445
0.036378	0.349892	-1.729492
0.037152	0.350612	-1.727539
0.037152	0.352772	-1.726562
0.037152	0.354212	-1.725586
0.037152	0.354932	-1.724609
0.037152	0.356371	-1.720703
0.037152	0.357091	-1.719727
0.037926	0.357811	-1.717773
0.037926	0.360691	-1.712891
0.038700	0.361411	-1.711914
0.038700	0.364291	-1.709961
0.038700	0.366451	-1.708984
0.038700	0.367891	-1.706055
0.039474	0.370050	-1.702148
0.039474	0.371490	-1.700195
0.040248	0.372210	-1.699219
0.041796	0.374370	-1.698242
0.042570	0.376530	-1.696289
0.042570	0.377970	-1.695312
0.043344	0.377970	-1.693359
0.043344	0.379410	-1.688477
0.044118	0.379410	-1.687500
0.044118	0.380130	-1.686523
0.044118	0.381569	-1.685547
0.044118	0.385169	-1.683594
0.044118	0.388769	-1.682617
0.045666	0.389489	-1.681641
0.045666	0.392369	-1.680664
0.045666	0.394528	-1.679688
0.045666	0.395968	-1.676758
0.046440	0.395968	-1.675781
0.047214	0.397408	-1.674805
0.047214	0.398848	-1.673828
0.047988	0.399568	-1.671875
0.049536	0.400288	-1.670898
0.049536	0.401008	-1.666992
0.049536	0.403888	-1.665039
0.049536	0.404608	-1.663086
0.049536	0.406048	-1.662109
0.050310	0.407487	-1.660156
0.050310	0.408927	-1.659180
0.050310	0.411087	-1.655273
0.050310	0.411807	-1.651367
0.050310	0.413247	-1.645508
0.051858	0.413967	-1.643555
0.051858	0.414687	-1.641602
0.051858	0.416847	-1.640625
0.052632	0.416847	-1.638672
0.052632	0.418287	-1.636719
0.053406	0.420446	-1.634766
0.053406	0.421166	-1.632812
0.053406	0.422606	-1.631836
0.053406	0.423326	-1.630859
0.054180	0.424046	-1.629883
0.054180	0.425486	-1.627930
0.054180	0.426206	-1.626953
0.054180	0.427646	-1.624023
0.054180	0.428366	-1.621094
0.054180	0.431246	-1.620117
0.054180	0.431965	-1.618164
0.054954	0.432685	-1.615234
0.054954	0.434125	-1.613281
0.055728	0.435565	-1.610352
0.055728	0.436285	-1.609375
0.055728	0.437725	-1.607422
0.056502	0.438445	-1.604492
0.056502	0.439165	-1.603516
0.056502	0.442045	-1.598633
0.056502	0.442765	-1.593750
0.056502	0.447084	-1.587891
0.056502	0.448524	-1.585938
0.057276	0.448524	-1.583008
0.057276	0.450684	-1.581055
0.057276	0.452124	-1.579102
0.058050	0.453564	-1.576172
0.058050	0.455724	-1.574219
0.058824	0.455724	-1.573242
0.058824	0.457163	-1.571289
0.058824	0.457883	-1.568359
0.058824	0.460763	-1.567383
0.060372	0.461483	-1.566406
0.060372	0.462923	-1.564453
0.060372	0.465083	-1.562500
0.060372	0.466523	-1.557617
0.061146	0.467243	-1.556641
0.061920	0.467243	-1.554688
0.061920	0.469402	-1.553711
0.061920	0.470842	-1.546875
0.061920	0.473002	-1.545898
0.061920	0.475882	-1.539062
0.061920	0.476602	-1.538086
0.061920	0.478762	-1.537109
0.061920	0.481641	-1.536133
0.061920	0.483081	-1.535156
0.061920	0.483801	-1.533203
0.061920	0.485241	-1.530273
0.061920	0.485961	-1.529297
0.063467	0.485961	-1.528320
0.063467	0.486681	-1.525391
0.063467	0.491001	-1.523438
0.063467	0.492441	-1.521484
0.065015	0.493880	-1.520508
0.065015	0.495320	-1.519531
0.065015	0.496040	-1.517578
0.065015	0.498920	-1.515625
0.065015	0.501080	-1.514648
0.065789	0.503960	-1.512695
0.065789	0.504680	-1.511719
0.067337	0.505400	-1.510742
0.067337	0.506839	-1.509766
0.067337	0.507559	-1.508789
0.068885	0.510439	-1.507812
0.068885	0.511159	-1.506836
0.069659	0.511159	-1.505859
0.069659	0.511879	-1.504883
0.070433	0.511879	-1.503906
0.070433	0.512599	-1.501953
0.071207	0.513319	-1.495117
0.071981	0.513319	-1.494141
0.071981	0.516199	-1.493164
0.073529	0.516199	-1.492188
0.074303	0.516199	-1.486328
0.074303	0.518359	-1.485352
0.074303	0.519078	-1.483398
0.074303	0.520518	-1.479492
0.074303	0.521238	-1.478516
0.074303	0.522678	-1.476562
0.075077	0.522678	-1.475586
0.075077	0.524118	-1.474609
0.076625	0.524118	-1.471680
0.076625	0.525558	-1.468750
0.077399	0.526278	-1.466797
0.078947	0.526278	-1.464844
0.079721	0.527718	-1.463867
0.079721	0.529158	-1.462891
0.079721	0.530598	-1.458008
0.079721	0.533477	-1.457031
0.080495	0.534197	-1.454102
0.080495	0.534917	-1.453125
0.081269	0.535637	-1.452148
0.081269	0.538517	-1.448242
0.081269	0.539957	-1.445312
0.081269	0.541397	-1.444336
0.081269	0.544276	-1.441406
0.081269	0.546436	-1.440430
0.081269	0.547876	-1.438477
0.081269	0.550756	-1.436523
0.082043	0.550756	-1.433594
0.082817	0.552196	-1.429688
0.082817	0.552916	-1.428711
0.083591	0.552916	-1.427734
0.083591	0.554356	-1.420898
0.084365	0.554356	-1.418945
0.084365	0.555076	-1.416992
0.084365	0.556515	-1.416016
0.084365	0.557235	-1.414062
0.084365	0.561555	-1.412109
0.085139	0.561555	-1.409180
0.085139	0.562275	-1.408203
0.085913	0.562995	-1.407227
0.085913	0.564435	-1.404297
0.086687	0.565155	-1.402344
0.086687	0.566595	-1.401367
0.086687	0.568035	-1.400391
0.087461	0.568035	-1.399414
0.087461	0.570194	-1.395508
0.087461	0.571634	-1.394531
0.089009	0.571634	-1.393555
0.089009	0.573074	-1.392578
0.090557	0.573074	-1.385742
0.091331	0.573794	-1.384766
0.091331	0.574514	-1.383789
0.091331	0.575954	-1.377930
0.091331	0.576674	-1.375000
0.092105	0.578114	-1.372070
0.092105	0.582433	-1.371094
0.092105	0.583873	-1.370117
0.092105	0.584593	-1.368164
0.093653	0.586033	-1.367188
0.093653	0.588193	-1.366211
0.094427	0.588193	-1.364258
0.094427	0.589633	-1.361328
0.094427	0.590353	-1.360352
0.095201	0.591793	-1.359375
0.095201	0.592513	-1.358398
0.095975	0.592513	-1.357422
0.095975	0.595392	-1.354492
0.096749	0.595392	-1.353516
0.096749	0.596112	-1.348633
0.097523	0.597552	-1.347656
0.097523	0.598272	-1.346680
0.098297	0.598272	-1.345703
0.098297	0.598992	-1.344727
0.098297	0.600432	-1.341797
0.099071	0.600432	-1.340820
0.100619	0.600432	-1.338867
0.100619	0.601872	-1.337891
0.100619	0.603312	-1.333984
0.100619	0.604032	-1.333008
0.101393	0.604032	-1.331055
0.101393	0.605472	-1.330078
0.102167	0.605472	-1.328125
0.102167	0.606192	-1.325195
0.102941	0.606192	-1.324219
0.102941	0.607631	-1.323242
0.103715	0.607631	-1.321289
0.104489	0.608351	-1.316406
0.104489	0.609071	-1.313477
0.105263	0.609071	-1.312500
0.105263	0.611231	-1.310547
0.106811	0.611231	-1.308594
0.106811	0.615551	-1.307617
0.107585	0.615551	-1.302734
0.107585	0.616271	-1.301758
0.108359	0.616271	-1.300781
0.108359	0.616991	-1.297852
0.108359	0.618431	-1.295898
0.108359	0.619870	-1.294922
0.109133	0.619870	-1.293945
0.109133	0.621310	-1.290039
0.109133	0.623470	-1.285156
0.109133	0.624190	-1.284180
0.109133	0.625630	-1.283203
0.109133	0.627790	-1.279297
0.109133	0.629230	-1.277344
0.109133	0.629950	-1.272461
0.109907	0.629950	-1.270508
0.109907	0.631389	-1.268555
0.110681	0.632109	-1.259766
0.110681	0.633549	-1.252930
0.110681	0.636429	-1.250977
0.110681	0.637149	-1.249023
0.110681	0.638589	-1.247070
0.111455	0.638589	-1.246094
0.111455	0.640029	-1.243164
0.113003	0.640029	-1.240234
0.113003	0.643629	-1.236328
0.114551	0.643629	-1.235352
0.115325	0.643629	-1.233398
0.115325	0.645788	-1.232422
0.116873	0.645788	-1.228516
0.116873	0.646508	-1.221680
0.116873	0.647948	-1.218750
0.117647	0.648668	-1.214844
0.117647	0.650108	-1.213867
0.117647	0.651548	-1.211914
0.117647	0.658027	-1.208984
0.117647	0.659467	-1.208008
0.117647	0.661627	-1.207031
0.117647	0.663067	-1.204102
0.117647	0.663787	-1.196289
0.118421	0.663787	-1.194336
0.118421	0.666667	-1.193359
0.119195	0.666667	-1.183594
0.119195	0.668107	-1.181641
0.123065	0.668107	-1.177734
0.123065	0.668826	-1.176758
0.123839	0.668826	-1.175781
0.123839	0.669546	-1.174805
0.124613	0.670266	-1.173828
0.124613	0.670986	-1.170898
0.124613	0.672426	-1.169922
0.124613	0.673146	-1.168945
0.125387	0.673146	-1.164062
0.125387	0.673866	-1.159180
0.126161	0.673866	-1.158203
0.126161	0.675306	-1.157227
0.126161	0.676746	-1.156250
0.126935	0.678186	-1.155273
0.127709	0.678186	-1.152344
0.127709	0.678906	-1.150391
0.129257	0.678906	-1.145508
0.129257	0.681066	-1.142578
0.129257	0.682505	-1.139648
0.129257	0.683225	-1.138672
0.130031	0.683225	-1.134766
0.130031	0.685385	-1.133789
0.130805	0.685385	-1.132812
0.130805	0.686105	-1.129883
0.131579	0.686825	-1.123047
0.131579	0.688985	-1.122070
0.131579	0.690425	-1.121094
0.131579	0.691145	-1.118164
0.134675	0.691145	-1.115234
0.134675	0.694744	-1.112305
0.135449	0.694744	-1.110352
0.135449	0.695464	-1.109375
0.136223	0.695464	-1.106445
0.136223	0.696904	-1.105469
0.136997	0.696904	-1.104492
0.136997	0.699784	-1.103516
0.139319	0.699784	-1.102539
0.139319	0.704824	-1.099609
0.140093	0.705544	-1.094727
0.140093	0.708423	-1.093750
0.140867	0.708423	-1.092773
0.140867	0.709863	-1.089844
0.140867	0.711303	-1.086914
0.141641	0.711303	-1.083984
0.141641	0.713463	-1.082031
0.142415	0.713463	-1.079102
0.142415	0.715623	-1.074219
0.144737	0.715623	-1.073242
0.144737	0.717063	-1.072266
0.145511	0.717063	-1.067383
0.145511	0.717783	-1.064453
0.146285	0.717783	-1.059570
0.146285	0.718503	-1.056641
0.147059	0.719222	-1.051758
0.148607	0.719222	-1.050781
0.148607	0.720662	-1.048828
0.149381	0.720662	-1.046875
0.149381	0.722102	-1.044922
0.149381	0.722822	-1.043945
0.150155	0.722822	-1.041992
0.150155	0.723542	-1.040039
0.150929	0.723542	-1.039062
0.150929	0.724262	-1.038086
0.151703	0.724262	-1.037109
0.151703	0.728582	-1.035156
0.151703	0.730022	-1.027344
0.151703	0.731461	-1.026367
0.151703	0.732901	-1.018555
0.152477	0.732901	-1.015625
0.152477	0.734341	-1.013672
0.153251	0.735061	-1.012695
0.153251	0.736501	-1.009766
0.153251	0.740101	-1.008789
0.154799	0.740101	-1.007812
0.154799	0.741541	-1.002930
0.154799	0.742981	-1.000977
0.154799	0.744420	-0.999512
0.155573	0.745140	-0.997559
0.155573	0.746580	-0.997070
0.157895	0.746580	-0.994629
0.158669	0.747300	-0.994141
0.158669	0.752340	-0.990234
0.160217	0.752340	-0.978027
0.160991	0.753060	-0.975098
0.160991	0.755940	-0.974121
0.164087	0.755940	-0.958008
0.164087	0.758099	-0.957520
0.164861	0.758099	-0.956055
0.164861	0.760979	-0.955566
0.166409	0.760979	-0.953613
0.166409	0.765299	-0.950195
0.167183	0.765299	-0.946289
0.167957	0.766019	-0.945312
0.169505	0.766019	-0.940918
0.169505	0.768898	-0.938477
0.171053	0.770338	-0.927734
0.171053	0.773218	-0.926270
0.171827	0.773218	-0.921875
0.171827	0.773938	-0.920410
0.173375	0.773938	-0.919434
0.173375	0.774658	-0.917969
0.174149	0.774658	-0.915039
0.174149	0.775378	-0.911621
0.175697	0.775378	-0.910645
0.175697	0.776098	-0.906250
0.176471	0.776098	-0.903320
0.176471	0.776818	-0.900879
0.177245	0.777538	-0.899902
0.178793	0.777538	-0.893066
0.179567	0.778258	-0.891602
0.180341	0.778258	-0.891113
0.180341	0.781138	-0.883301
0.181889	0.781138	-0.882324
0.181889	0.786897	-0.877930
0.182663	0.786897	-0.876465
0.182663	0.788337	-0.875488
0.183437	0.788337	-0.871582
0.183437	0.789057	-0.865234
0.184211	0.789057	-0.864258
0.184211	0.790497	-0.863770
0.184985	0.790497	-0.862305
0.184985	0.791937	-0.857910
0.185759	0.791937	-0.852539
0.185759	0.794816	-0.851562
0.186533	0.794816	-0.851074
0.186533	0.796256	-0.850098
0.187307	0.796256	-0.848633
0.187307	0.796976	-0.844727
0.188854	0.796976	-0.843750
0.188854	0.799856	-0.838379
0.189628	0.799856	-0.836914
0.189628	0.800576	-0.835449
0.190402	0.801296	-0.834473
0.190402	0.803456	-0.833984
0.191176	0.803456	-0.827148
0.191950	0.804176	-0.825195
0.192724	0.804176	-0.819336
0.192724	0.807055	-0.813477
0.193498	0.807055	-0.812500
0.193498	0.812095	-0.809082
0.194272	0.812815	-0.806152
0.194272	0.813535	-0.803223
0.195046	0.813535	-0.802246
0.195820	0.814255	-0.798340
0.195820	0.815695	-0.794434
0.196594	0.815695	-0.790527
0.196594	0.817135	-0.786621
0.196594	0.818575	-0.778809
0.197368	0.818575	-0.776367
0.197368	0.819294	-0.774414
0.198142	0.819294	-0.772949
0.198142	0.820014	-0.772461
0.198916	0.820014	-0.771484
0.198916	0.820734	-0.765137
0.199690	0.820734	-0.755859
0.199690	0.822894	-0.748047
0.201238	0.822894	-0.746582
0.201238	0.828654	-0.743164
0.202012	0.828654	-0.741211
0.202012	0.830094	-0.739258
0.202786	0.830094	-0.734863
0.202786	0.832253	-0.729980
0.205882	0.832253	-0.728516
0.205882	0.832973	-0.727051
0.206656	0.832973	-0.726562
0.206656	0.834413	-0.714844
0.206656	0.835853	-0.713867
0.209752	0.835853	-0.711914
0.209752	0.836573	-0.709473
0.210526	0.836573	-0.708984
0.210526	0.838013	-0.708008
0.212074	0.838013	-0.707520
0.212074	0.838733	-0.706543
0.212074	0.840173	-0.703613
0.215170	0.840173	-0.703125
0.215170	0.841613	-0.702148
0.215944	0.842333	-0.700684
0.215944	0.844492	-0.694336
0.216718	0.844492	-0.693359
0.216718	0.845932	-0.692871
0.217492	0.845932	-0.688965
0.217492	0.847372	-0.687012
0.218266	0.847372	-0.675293
0.218266	0.848092	-0.670898
0.219040	0.848092	-0.668945
0.219040	0.849532	-0.667969
0.219814	0.849532	-0.663574
0.219814	0.850972	-0.661621
0.222910	0.850972	-0.661133
0.222910	0.851692	-0.660645
0.223684	0.851692	-0.659180
0.223684	0.853132	-0.657715
0.224458	0.853132	-0.655273
0.224458	0.853852	-0.649902
0.225232	0.853852	-0.647461
0.225232	0.854572	-0.645508
0.226006	0.854572	-0.644531
0.227554	0.854572	-0.643555
0.227554	0.855292	-0.643066
0.229102	0.855292	-0.639160
0.229102	0.856012	-0.636230
0.229876	0.856012	-0.634766
0.229876	0.856731	-0.632324
0.230650	0.856731	-0.628906
0.230650	0.858171	-0.627441
0.231424	0.858171	-0.626465
0.231424	0.858891	-0.621582
0.231424	0.860331	-0.618164
0.231424	0.861051	-0.615234
0.232972	0.861051	-0.606934
0.232972	0.863211	-0.599609
0.233746	0.863211	-0.590332
0.233746	0.863931	-0.586426
0.234520	0.863931	-0.585938
0.234520	0.866091	-0.584961
0.236068	0.866091	-0.583008
0.236068	0.867531	-0.581543
0.239164	0.867531	-0.578613
0.239164	0.868970	-0.577148
0.243808	0.868970	-0.576660
0.243808	0.869690	-0.573730
0.245356	0.869690	-0.573242
0.245356	0.871130	-0.570312
0.246130	0.871130	-0.568848
0.246130	0.871850	-0.567383
0.246904	0.871850	-0.565918
0.246904	0.872570	-0.564941
0.247678	0.872570	-0.561035
0.247678	0.873290	-0.557617
0.248452	0.873290	-0.555664
0.248452	0.874010	-0.552246
0.249226	0.874010	-0.550781
0.249226	0.874730	-0.547852
0.250774	0.874730	-0.547363
0.250774	0.876890	-0.545898
0.253096	0.876890	-0.543457
0.253096	0.877610	-0.541992
0.254644	0.877610	-0.541504
0.254644	0.878330	-0.540527
0.255418	0.878330	-0.533691
0.255418	0.879770	-0.528809
0.256966	0.879770	-0.526855
0.256966	0.881210	-0.524414
0.257740	0.881210	-0.520508
0.257740	0.881929	-0.518066
0.258514	0.881929	-0.515625
0.258514	0.885529	-0.514648
0.260836	0.885529	-0.512695
0.260836	0.888409	-0.509766
0.261610	0.888409	-0.503418
0.261610	0.889849	-0.500977
0.262384	0.889849	-0.499023
0.262384	0.892009	-0.496582
0.263158	0.892009	-0.494629
0.263158	0.894168	-0.487549
0.263932	0.894168	-0.485596
0.263932	0.894888	-0.482666
0.264706	0.894888	-0.481689
0.264706	0.895608	-0.468750
0.265480	0.895608	-0.466064
0.265480	0.897048	-0.464844
0.267028	0.897048	-0.459229
0.267028	0.897768	-0.451172
0.267802	0.897768	-0.450195
0.267802	0.899208	-0.443115
0.268576	0.899208	-0.441895
0.268576	0.899928	-0.434814
0.270124	0.899928	-0.434570
0.270124	0.900648	-0.433838
0.270898	0.900648	-0.429932
0.270898	0.901368	-0.428955
0.272446	0.901368	-0.426514
0.272446	0.902808	-0.423828
0.273994	0.902808	-0.423096
0.273994	0.904248	-0.419922
0.275542	0.904248	-0.419434
0.275542	0.905688	-0.415771
0.279412	0.905688	-0.415283
0.279412	0.908567	-0.415039
0.280186	0.908567	-0.413574
0.280186	0.910727	-0.404541
0.283282	0.910727	-0.401611
0.283282	0.911447	-0.400879
0.286378	0.911447	-0.400391
0.286378	0.912167	-0.396973
0.290248	0.912167	-0.395020
0.290248	0.912887	-0.388916
0.291022	0.912887	-0.386963
0.291022	0.913607	-0.385254
0.292570	0.913607	-0.382324
0.293344	0.913607	-0.379395
0.293344	0.914327	-0.379150
0.294118	0.914327	-0.374756
0.294118	0.917207	-0.374268
0.294892	0.917207	-0.372803
0.294892	0.917927	-0.369873
0.297214	0.917927	-0.368164
0.297214	0.920806	-0.367920
0.297988	0.920806	-0.362549
0.297988	0.921526	-0.358887
0.302632	0.921526	-0.357178
0.302632	0.922966	-0.354248
0.303406	0.922966	-0.353760
0.304954	0.922966	-0.352539
0.305728	0.922966	-0.346191
0.305728	0.923686	-0.340088
0.307276	0.923686	-0.339355
0.307276	0.925126	-0.332275
0.308824	0.925126	-0.331055
0.310372	0.925126	-0.320068
0.311920	0.925126	-0.315674
0.315789	0.925126	-0.311035
0.315789	0.926566	-0.309814
0.316563	0.926566	-0.301758
0.316563	0.927286	-0.298340
0.318885	0.927286	-0.298096
0.318885	0.928726	-0.295410
0.319659	0.929446	-0.292969
0.319659	0.930886	-0.291504
0.320433	0.930886	-0.291260
0.320433	0.932325	-0.285645
0.323529	0.932325	-0.278076
0.323529	0.933765	-0.274414
0.328947	0.933765	-0.274170
0.328947	0.934485	-0.272217
0.332043	0.934485	-0.268799
0.332043	0.935205	-0.268311
0.333591	0.935205	-0.266846
0.333591	0.936645	-0.266357
0.334365	0.937365	-0.261230
0.334365	0.938805	-0.256104
0.335139	0.938805	-0.252930
0.335139	0.939525	-0.251465
0.336687	0.939525	-0.248535
0.336687	0.940245	-0.247925
0.339009	0.940245	-0.246582
0.339009	0.941685	-0.244751
0.339783	0.941685	-0.241089
0.339783	0.942405	-0.236816
0.341331	0.942405	-0.235352
0.342105	0.943125	-0.231445
0.342105	0.943844	-0.230469
0.343653	0.943844	-0.227173
0.343653	0.944564	-0.224609
0.344427	0.944564	-0.218750
0.344427	0.945284	-0.214355
0.345201	0.945284	-0.213623
0.345201	0.946004	-0.210693
0.345975	0.946004	-0.210571
0.345975	0.946724	-0.208862
0.346749	0.947444	-0.205444
0.346749	0.948164	-0.203613
0.347523	0.948164	-0.202759
0.347523	0.948884	-0.199463
0.348297	0.948884	-0.198242
0.348297	0.949604	-0.195801
0.349071	0.950324	-0.193481
0.352941	0.950324	-0.192139
0.352941	0.952484	-0.191772
0.359133	0.952484	-0.190186
0.362229	0.952484	-0.188110
0.363003	0.952484	-0.184326
0.363003	0.953204	-0.178955
0.366873	0.953204	-0.173096
0.367647	0.953924	-0.169922
0.370743	0.953924	-0.167603
0.371517	0.954644	-0.167358
0.371517	0.955364	-0.166748
0.375387	0.955364	-0.159668
0.375387	0.956084	-0.158813
0.376935	0.956084	-0.156860
0.376935	0.956803	-0.155640
0.380805	0.956803	-0.152710
0.382353	0.957523	-0.151367
0.383127	0.957523	-0.137695
0.383127	0.958243	-0.136353
0.383901	0.958243	-0.136108
0.384675	0.958963	-0.129028
0.389319	0.958963	-0.124512
0.389319	0.959683	-0.122253
0.390867	0.959683	-0.119812
0.390867	0.960403	-0.118469
0.392415	0.960403	-0.107849
0.392415	0.961123	-0.107666
0.397833	0.961123	-0.103333
0.397833	0.961843	-0.100830
0.398607	0.961843	-0.100769
0.398607	0.962563	-0.099548
0.399381	0.962563	-0.098877
0.399381	0.964003	-0.098206
0.400155	0.964723	-0.091309
0.402477	0.964723	-0.089966
0.404025	0.964723	-0.087891
0.404799	0.964723	-0.087158
0.404799	0.967603	-0.087036
0.407895	0.967603	-0.086792
0.407895	0.968323	-0.085144
0.409443	0.968323	-0.084778
0.409443	0.969762	-0.084717
0.410217	0.969762	-0.081604
0.410217	0.970482	-0.078003
0.411765	0.970482	-0.077332
0.425697	0.970482	-0.076660
0.426471	0.971202	-0.075684
0.429567	0.971202	-0.073914
0.429567	0.971922	-0.072998
0.434985	0.971922	-0.066956
0.434985	0.972642	-0.064636
0.438080	0.972642	-0.060883
0.438080	0.973362	-0.056091
0.438854	0.974082	-0.052795
0.440402	0.974082	-0.052063
0.441950	0.974082	-0.051422
0.447368	0.974082	-0.049286
0.447368	0.975522	-0.047638
0.448142	0.976242	-0.047211
0.450464	0.976242	-0.044861
0.452012	0.976242	-0.043671
0.453560	0.976242	-0.036652
0.453560	0.976962	-0.035950
0.455108	0.976962	-0.035767
0.456656	0.976962	-0.034454
0.457430	0.976962	-0.027496
0.457430	0.977682	-0.017059
0.459752	0.977682	-0.015388
0.459752	0.979122	-0.012939
0.465944	0.979122	-0.009666
0.465944	0.980562	-0.003639
0.468266	0.980562	-0.001400
0.468266	0.981281	0.001271
0.471362	0.981281	0.005249
0.472910	0.981281	0.007435
0.474458	0.981281	0.015343
0.477554	0.981281	0.016998
0.480650	0.981281	0.022018
0.482198	0.981281	0.033356
0.482972	0.981281	0.035431
0.484520	0.981281	0.036499
0.486842	0.981281	0.038422
0.488390	0.981281	0.039734
0.488390	0.982001	0.040466
0.489938	0.982001	0.051300
0.489938	0.982721	0.054596
0.494582	0.982721	0.060394
0.496130	0.982721	0.062134
0.496904	0.983441	0.062622
0.496904	0.984161	0.065002
0.498452	0.984161	0.066040
0.500000	0.984161	0.066589
0.501548	0.984161	0.067993
0.501548	0.984881	0.068726
0.505418	0.984881	0.072083
0.506966	0.984881	0.072266
0.508514	0.984881	0.080322
0.510062	0.984881	0.086182
0.513158	0.984881	0.088318
0.513932	0.984881	0.093018
0.513932	0.985601	0.095459
0.515480	0.985601	0.097290
0.516254	0.986321	0.105652
0.520898	0.986321	0.106506
0.521672	0.987041	0.109009
0.523220	0.987041	0.111877
0.524768	0.987041	0.112732
0.524768	0.988481	0.114929
0.527864	0.988481	0.116211
0.527864	0.989201	0.117004
0.530960	0.989201	0.118225
0.532508	0.989201	0.119873
0.534830	0.989201	0.124878
0.536378	0.989201	0.126831
0.536378	0.989921	0.129395
0.537926	0.989921	0.131836
0.542570	0.989921	0.133301
0.548762	0.989921	0.136841
0.553406	0.989921	0.137573
0.554180	0.989921	0.140625
0.555728	0.989921	0.142212
0.561146	0.989921	0.147949
0.562693	0.989921	0.148804
0.563467	0.990641	0.150757
0.565015	0.990641	0.151489
0.566563	0.990641	0.151733
0.568111	0.990641	0.154907
0.568111	0.991361	0.155396
0.570433	0.991361	0.166504
0.575077	0.991361	0.167725
0.578947	0.991361	0.168701
0.580495	0.991361	0.169312
0.581269	0.991361	0.170410
0.584365	0.991361	0.175293
0.585139	0.992081	0.178955
0.588235	0.992081	0.180786
0.595975	0.992081	0.184326
0.597523	0.992081	0.184937
0.599071	0.992081	0.186890
0.601393	0.992081	0.188965
0.602941	0.992081	0.189575
0.603715	0.992801	0.192871
0.611455	0.992801	0.196533
0.611455	0.993521	0.198608
0.613003	0.993521	0.200562
0.617647	0.993521	0.201782
0.617647	0.994240	0.203613
0.620743	0.994240	0.206543
0.623065	0.994240	0.208130
0.626935	0.994240	0.208252
0.626935	0.994960	0.211548
0.630805	0.994960	0.214478
0.630805	0.996400	0.214600
0.635449	0.996400	0.218750
0.637771	0.996400	0.221436
0.639319	0.996400	0.224609
0.640867	0.996400	0.225220
0.642415	0.996400	0.226929
0.643963	0.996400	0.227173
0.644737	0.996400	0.228394
0.646285	0.996400	0.232666
0.647833	0.996400	0.232910
0.649381	0.996400	0.236694
0.650929	0.996400	0.239746
0.652477	0.996400	0.241455
0.653251	0.996400	0.241699
0.654799	0.996400	0.243652
0.656347	0.996400	0.246094
0.659443	0.996400	0.250244
0.664861	0.996400	0.250732
0.667957	0.996400	0.253174
0.669505	0.996400	0.254639
0.671053	0.996400	0.255371
0.677245	0.996400	0.256104
0.679567	0.996400	0.260498
0.682663	0.996400	0.265137
0.684211	0.996400	0.265381
0.686533	0.996400	0.265869
0.688080	0.996400	0.266357
0.689628	0.996400	0.267822
0.692724	0.996400	0.275146
0.695820	0.996400	0.277100
0.697368	0.996400	0.277588
0.699690	0.996400	0.278564
0.704334	0.996400	0.279297
0.705108	0.997120	0.279541
0.706656	0.997120	0.281982
0.708204	0.997120	0.283203
0.710526	0.997120	0.283447
0.712848	0.997120	0.286621
0.714396	0.997120	0.290771
0.715170	0.997840	0.295166
0.716718	0.997840	0.295654
0.719040	0.997840	0.295898
0.720588	0.997840	0.296631
0.723684	0.997840	0.300537
0.726006	0.997840	0.301514
0.729102	0.997840	0.302002
0.732198	0.997840	0.304199
0.738390	0.997840	0.304688
0.739164	0.997840	0.305420
0.742260	0.997840	0.306152
0.743034	0.997840	0.313965
0.743034	0.998560	0.316895
0.744582	0.998560	0.317383
0.745356	0.998560	0.317871
0.746904	0.998560	0.318115
0.753096	0.998560	0.318848
0.754644	0.998560	0.324219
0.755418	0.998560	0.329102
0.756966	0.998560	0.329590
0.757740	0.998560	0.331543
0.759288	0.998560	0.331787
0.760062	0.998560	0.332031
0.761610	0.998560	0.335938
0.763932	0.998560	0.340820
0.767028	0.998560	0.341309
0.772446	0.998560	0.342041
0.773994	0.998560	0.343750
0.776316	0.998560	0.343994
0.777090	0.999280	0.344727
0.777864	0.999280	0.346924
0.779412	0.999280	0.352783
0.780960	0.999280	0.358643
0.782508	0.999280	0.359619
0.783282	0.999280	0.361572
0.787926	0.999280	0.363037
0.791022	0.999280	0.363770
0.797214	0.999280	0.364014
0.808824	0.999280	0.365723
0.811920	0.999280	0.369629
0.812693	0.999280	0.373047
0.815789	0.999280	0.373291
0.816563	0.999280	0.374023
0.818111	0.999280	0.374756
0.818885	0.999280	0.375000
0.825077	0.999280	0.380859
0.825851	0.999280	0.383545
0.828173	0.999280	0.387451
0.829721	0.999280	0.390625
0.831269	0.999280	0.390869
0.832817	0.999280	0.391602
0.834365	0.999280	0.393799
0.835139	0.999280	0.395020
0.838235	0.999280	0.401367
0.839783	0.999280	0.402100
0.844427	0.999280	0.403564
0.846749	0.999280	0.404053
0.849071	0.999280	0.404785
0.850619	0.999280	0.405029
0.851393	0.999280	0.411621
0.853715	0.999280	0.413086
0.856811	0.999280	0.414307
0.859907	0.999280	0.414795
0.861455	0.999280	0.417236
0.862229	0.999280	0.422119
0.863777	0.999280	0.425293
0.865325	0.999280	0.427979
0.866873	0.999280	0.428223
0.869969	0.999280	0.432129
0.870743	0.999280	0.438232
0.873839	0.999280	0.439941
0.875387	0.999280	0.440430
0.877709	0.999280	0.441162
0.879257	0.999280	0.443604
0.880805	0.999280	0.448730
0.883901	0.999280	0.450928
0.885449	0.999280	0.452148
0.887771	0.999280	0.453857
0.890093	0.999280	0.456787
0.891641	0.999280	0.457520
0.893963	0.999280	0.458008
0.897059	0.999280	0.458252
0.899381	0.999280	0.459229
0.901703	0.999280	0.460938
0.904025	0.999280	0.463135
0.905573	0.999280	0.463867
0.907121	0.999280	0.466309
0.908669	0.999280	0.467529
0.910991	0.999280	0.467773
0.913313	0.999280	0.468262
0.917183	0.999280	0.468994
0.918731	0.999280	0.469971
0.919505	0.999280	0.470459
0.921053	0.999280	0.471680
0.921827	0.999280	0.472900
0.923375	0.999280	0.473145
0.925697	0.999280	0.473389
0.928793	0.999280	0.473633
0.931889	0.999280	0.474609
0.934211	0.999280	0.477051
0.938080	0.999280	0.479248
0.939628	0.999280	0.480957
0.941950	0.999280	0.482178
0.945046	0.999280	0.483154
0.946594	0.999280	0.483887
0.948142	0.999280	0.484375
0.949690	0.999280	0.487061
0.951238	0.999280	0.491455
0.952012	0.999280	0.496094
0.953560	0.999280	0.496826
0.954334	0.999280	0.497314
0.955882	0.999280	0.501465
0.958204	0.999280	0.502441
0.959752	0.999280	0.502930
0.961300	0.999280	0.505859
0.962848	0.999280	0.507812
0.969040	0.999280	0.509277
0.969814	0.999280	0.509766
0.974458	0.999280	0.510254
0.975232	1.000000	0.514160
0.976006	1.000000	0.515137
0.977554	1.000000	0.517090
0.979876	1.000000	0.518066
0.980650	1.000000	0.520508
0.982198	1.000000	0.523926
0.982972	1.000000	0.525391
0.984520	1.000000	0.525879
0.985294	1.000000	0.526367
0.986842	1.000000	0.529785
0.989164	1.000000	0.530762
0.990712	1.000000	0.533203
1.000000	1.000000	0.535156
