FPR	TPR	THR
0.000000	0.000000	inf
0.002252	0.000000	7.320312
0.002252	0.017316	7.179688
0.004505	0.019481	7.175781
0.004505	0.023810	7.171875
0.004505	0.025974	7.160156
0.004505	0.030303	7.152344
0.004505	0.043290	7.117188
0.004505	0.047619	7.097656
0.004505	0.049784	7.089844
0.004505	0.056277	7.085938
0.004505	0.064935	7.066406
0.009009	0.064935	7.046875
0.009009	0.069264	7.027344
0.011261	0.073593	7.023438
0.013514	0.075758	7.019531
0.013514	0.080087	7.003906
0.013514	0.084416	7.000000
0.013514	0.090909	6.996094
0.013514	0.099567	6.988281
0.013514	0.110390	6.957031
0.013514	0.119048	6.953125
0.013514	0.123377	6.941406
0.013514	0.136364	6.933594
0.013514	0.140693	6.921875
0.013514	0.145022	6.917969
0.013514	0.147186	6.914062
0.013514	0.155844	6.906250
0.015766	0.158009	6.902344
0.015766	0.162338	6.898438
0.018018	0.164502	6.890625
0.018018	0.168831	6.886719
0.018018	0.175325	6.882812
0.018018	0.179654	6.878906
0.018018	0.181818	6.871094
0.018018	0.192641	6.867188
0.018018	0.196970	6.863281
0.018018	0.199134	6.859375
0.018018	0.203463	6.855469
0.020270	0.207792	6.851562
0.020270	0.212121	6.839844
0.022523	0.212121	6.835938
0.022523	0.218615	6.832031
0.024775	0.225108	6.828125
0.024775	0.231602	6.824219
0.024775	0.235931	6.820312
0.027027	0.240260	6.816406
0.027027	0.242424	6.812500
0.027027	0.246753	6.808594
0.027027	0.248918	6.804688
0.027027	0.253247	6.800781
0.029279	0.257576	6.792969
0.029279	0.261905	6.785156
0.031532	0.266234	6.781250
0.033784	0.268398	6.777344
0.033784	0.281385	6.765625
0.033784	0.285714	6.753906
0.036036	0.287879	6.750000
0.038288	0.287879	6.746094
0.038288	0.290043	6.742188
0.040541	0.294372	6.734375
0.040541	0.298701	6.730469
0.042793	0.303030	6.726562
0.042793	0.307359	6.722656
0.045045	0.311688	6.718750
0.045045	0.313853	6.710938
0.045045	0.326840	6.699219
0.047297	0.329004	6.695312
0.051802	0.329004	6.691406
0.051802	0.337662	6.683594
0.051802	0.339827	6.679688
0.051802	0.352814	6.671875
0.051802	0.357143	6.664062
0.054054	0.361472	6.660156
0.054054	0.367965	6.656250
0.054054	0.372294	6.648438
0.054054	0.376623	6.644531
0.056306	0.376623	6.640625
0.056306	0.385281	6.636719
0.056306	0.387446	6.632812
0.056306	0.393939	6.628906
0.056306	0.402597	6.621094
0.056306	0.404762	6.617188
0.056306	0.409091	6.609375
0.058559	0.413420	6.605469
0.058559	0.417749	6.593750
0.063063	0.422078	6.585938
0.063063	0.430736	6.578125
0.065315	0.437229	6.574219
0.065315	0.448052	6.566406
0.065315	0.452381	6.558594
0.065315	0.454545	6.554688
0.065315	0.458874	6.550781
0.065315	0.465368	6.531250
0.065315	0.469697	6.527344
0.065315	0.471861	6.523438
0.067568	0.471861	6.519531
0.067568	0.476190	6.515625
0.069820	0.478355	6.511719
0.069820	0.482684	6.488281
0.072072	0.487013	6.484375
0.072072	0.489177	6.480469
0.072072	0.495671	6.476562
0.072072	0.497835	6.472656
0.074324	0.500000	6.468750
0.076577	0.504329	6.464844
0.076577	0.508658	6.457031
0.076577	0.515152	6.453125
0.076577	0.519481	6.445312
0.076577	0.528139	6.433594
0.078829	0.532468	6.429688
0.078829	0.538961	6.417969
0.078829	0.543290	6.414062
0.078829	0.545455	6.410156
0.081081	0.549784	6.406250
0.081081	0.556277	6.394531
0.083333	0.560606	6.390625
0.085586	0.567100	6.386719
0.087838	0.567100	6.382812
0.092342	0.569264	6.378906
0.092342	0.571429	6.375000
0.092342	0.575758	6.371094
0.092342	0.580087	6.363281
0.094595	0.580087	6.355469
0.094595	0.582251	6.351562
0.096847	0.584416	6.347656
0.096847	0.586580	6.339844
0.096847	0.593074	6.324219
0.096847	0.597403	6.312500
0.099099	0.597403	6.308594
0.099099	0.601732	6.285156
0.101351	0.601732	6.281250
0.101351	0.606061	6.277344
0.103604	0.608225	6.273438
0.105856	0.608225	6.265625
0.105856	0.614719	6.257812
0.110360	0.619048	6.246094
0.114865	0.619048	6.234375
0.114865	0.625541	6.230469
0.114865	0.638528	6.195312
0.117117	0.640693	6.187500
0.117117	0.642857	6.183594
0.119369	0.642857	6.179688
0.119369	0.645022	6.167969
0.121622	0.647186	6.164062
0.121622	0.651515	6.156250
0.121622	0.655844	6.148438
0.126126	0.660173	6.121094
0.126126	0.662338	6.117188
0.128378	0.664502	6.113281
0.128378	0.666667	6.109375
0.128378	0.675325	6.097656
0.128378	0.679654	6.089844
0.130631	0.681818	6.085938
0.130631	0.692641	6.042969
0.132883	0.692641	6.039062
0.132883	0.699134	5.953125
0.135135	0.699134	5.949219
0.135135	0.701299	5.933594
0.137387	0.701299	5.929688
0.139640	0.705628	5.925781
0.139640	0.709957	5.914062
0.141892	0.712121	5.910156
0.141892	0.720779	5.875000
0.144144	0.720779	5.855469
0.144144	0.725108	5.847656
0.146396	0.727273	5.839844
0.146396	0.729437	5.824219
0.148649	0.729437	5.820312
0.148649	0.731602	5.808594
0.148649	0.744589	5.757812
0.148649	0.746753	5.753906
0.150901	0.751082	5.738281
0.150901	0.753247	5.703125
0.153153	0.755411	5.695312
0.155405	0.755411	5.687500
0.155405	0.757576	5.671875
0.159910	0.757576	5.648438
0.159910	0.759740	5.644531
0.159910	0.764069	5.636719
0.164414	0.764069	5.570312
0.164414	0.770563	5.558594
0.164414	0.783550	5.488281
0.168919	0.783550	5.457031
0.168919	0.787879	5.406250
0.171171	0.787879	5.394531
0.171171	0.790043	5.367188
0.173423	0.790043	5.335938
0.173423	0.792208	5.269531
0.177928	0.792208	5.246094
0.177928	0.800866	5.078125
0.180180	0.800866	5.050781
0.180180	0.818182	4.855469
0.191441	0.818182	4.734375
0.191441	0.820346	4.726562
0.193694	0.820346	4.718750
0.193694	0.822511	4.714844
0.195946	0.822511	4.660156
0.195946	0.831169	4.394531
0.198198	0.831169	4.324219
0.198198	0.833333	4.304688
0.202703	0.833333	4.238281
0.202703	0.837662	4.078125
0.204955	0.839827	3.992188
0.207207	0.839827	3.970703
0.207207	0.848485	3.630859
0.213964	0.848485	3.486328
0.213964	0.852814	3.179688
0.220721	0.852814	2.753906
0.220721	0.865801	1.736328
0.222973	0.865801	1.596680
0.222973	0.870130	0.693848
0.227477	0.870130	0.276855
0.227477	0.874459	-0.428955
0.231982	0.874459	-0.483643
0.231982	0.885281	-1.556641
0.234234	0.885281	-1.962891
0.234234	0.887446	-2.103516
0.236486	0.887446	-2.189453
0.236486	0.893939	-2.734375
0.240991	0.893939	-2.847656
0.240991	0.900433	-3.328125
0.259009	0.900433	-3.650391
0.259009	0.906926	-3.732422
0.270270	0.906926	-4.035156
0.270270	0.909091	-4.113281
0.274775	0.909091	-4.132812
0.274775	0.911255	-4.156250
0.288288	0.911255	-4.269531
0.288288	0.915584	-4.328125
0.299550	0.915584	-4.507812
0.299550	0.917749	-4.515625
0.304054	0.917749	-4.617188
0.306306	0.919913	-4.644531
0.310811	0.919913	-4.726562
0.310811	0.922078	-4.734375
0.313063	0.922078	-4.746094
0.317568	0.922078	-4.789062
0.317568	0.924242	-4.843750
0.319820	0.924242	-4.855469
0.319820	0.926407	-4.898438
0.322072	0.926407	-4.902344
0.326577	0.926407	-4.921875
0.326577	0.930736	-4.945312
0.331081	0.930736	-4.953125
0.333333	0.932900	-5.000000
0.337838	0.932900	-5.003906
0.340090	0.932900	-5.031250
0.342342	0.935065	-5.085938
0.346847	0.935065	-5.117188
0.346847	0.937229	-5.140625
0.351351	0.937229	-5.156250
0.351351	0.939394	-5.160156
0.355856	0.939394	-5.183594
0.355856	0.941558	-5.242188
0.358108	0.943723	-5.246094
0.360360	0.943723	-5.265625
0.360360	0.948052	-5.277344
0.367117	0.948052	-5.324219
0.371622	0.948052	-5.351562
0.371622	0.950216	-5.359375
0.373874	0.950216	-5.378906
0.373874	0.952381	-5.390625
0.376126	0.954545	-5.406250
0.385135	0.954545	-5.433594
0.385135	0.956710	-5.449219
0.387387	0.958874	-5.453125
0.389640	0.958874	-5.464844
0.394144	0.958874	-5.472656
0.394144	0.963203	-5.484375
0.398649	0.963203	-5.496094
0.405405	0.963203	-5.515625
0.409910	0.963203	-5.535156
0.414414	0.963203	-5.539062
0.418919	0.963203	-5.550781
0.423423	0.963203	-5.558594
0.432432	0.963203	-5.621094
0.436937	0.965368	-5.636719
0.445946	0.965368	-5.675781
0.450450	0.965368	-5.687500
0.452703	0.965368	-5.691406
0.459459	0.965368	-5.707031
0.461712	0.965368	-5.710938
0.463964	0.969697	-5.726562
0.472973	0.969697	-5.746094
0.481982	0.969697	-5.757812
0.486486	0.969697	-5.777344
0.486486	0.971861	-5.781250
0.490991	0.971861	-5.789062
0.493243	0.974026	-5.792969
0.495495	0.974026	-5.796875
0.500000	0.974026	-5.808594
0.504505	0.974026	-5.820312
0.506757	0.976190	-5.824219
0.511261	0.976190	-5.828125
0.513514	0.976190	-5.839844
0.518018	0.976190	-5.851562
0.518018	0.978355	-5.863281
0.520270	0.980519	-5.867188
0.529279	0.980519	-5.882812
0.533784	0.982684	-5.886719
0.536036	0.984848	-5.894531
0.542793	0.984848	-5.898438
0.542793	0.987013	-5.906250
0.545045	0.987013	-5.910156
0.549550	0.987013	-5.914062
0.556306	0.989177	-5.921875
0.560811	0.989177	-5.933594
0.574324	0.989177	-5.968750
0.581081	0.989177	-5.972656
0.585586	0.989177	-5.988281
0.592342	0.989177	-5.992188
0.596847	0.989177	-6.011719
0.603604	0.989177	-6.019531
0.608108	0.989177	-6.027344
0.614865	0.989177	-6.035156
0.617117	0.989177	-6.039062
0.621622	0.989177	-6.046875
0.628378	0.989177	-6.050781
0.632883	0.991342	-6.054688
0.637387	0.991342	-6.058594
0.639640	0.991342	-6.066406
0.644144	0.991342	-6.074219
0.646396	0.991342	-6.078125
0.655405	0.991342	-6.082031
0.659910	0.993506	-6.101562
0.662162	0.997835	-6.109375
0.668919	0.997835	-6.113281
0.671171	0.997835	-6.117188
0.675676	0.997835	-6.125000
0.680180	0.997835	-6.144531
0.684685	0.997835	-6.152344
0.691441	0.997835	-6.156250
0.695946	0.997835	-6.160156
0.702703	0.997835	-6.171875
0.711712	0.997835	-6.183594
0.716216	0.997835	-6.195312
0.722973	0.997835	-6.199219
0.727477	0.997835	-6.210938
0.740991	0.997835	-6.218750
0.745495	0.997835	-6.222656
0.754505	0.997835	-6.253906
0.759009	0.997835	-6.257812
0.765766	0.997835	-6.281250
0.774775	0.997835	-6.296875
0.777027	0.997835	-6.300781
0.783784	0.997835	-6.308594
0.788288	0.997835	-6.316406
0.795045	0.997835	-6.324219
0.799550	0.997835	-6.328125
0.801802	1.000000	-6.332031
0.806306	1.000000	-6.335938
0.813063	1.000000	-6.347656
0.822072	1.000000	-6.355469
0.824324	1.000000	-6.359375
0.828829	1.000000	-6.371094
0.831081	1.000000	-6.375000
0.835586	1.000000	-6.378906
0.837838	1.000000	-6.382812
0.844595	1.000000	-6.390625
0.846847	1.000000	-6.394531
0.851351	1.000000	-6.398438
0.855856	1.000000	-6.406250
0.860360	1.000000	-6.410156
0.862613	1.000000	-6.414062
0.873874	1.000000	-6.421875
0.876126	1.000000	-6.429688
0.880631	1.000000	-6.433594
0.887387	1.000000	-6.449219
0.900901	1.000000	-6.472656
0.909910	1.000000	-6.480469
0.912162	1.000000	-6.484375
0.925676	1.000000	-6.496094
0.927928	1.000000	-6.500000
0.941441	1.000000	-6.515625
0.948198	1.000000	-6.542969
0.952703	1.000000	-6.546875
0.954955	1.000000	-6.558594
0.959459	1.000000	-6.562500
0.961712	1.000000	-6.566406
0.966216	1.000000	-6.574219
0.968468	1.000000	-6.585938
0.972973	1.000000	-6.601562
0.975225	1.000000	-6.605469
0.984234	1.000000	-6.617188
0.993243	1.000000	-6.703125
0.997748	1.000000	-6.753906
1.000000	1.000000	-6.761719
