FPR	TPR	THR
0.000000	0.000000	-2.208984
0.000000	0.000683	-2.183594
0.000000	0.012969	-2.179688
0.000000	0.014334	-2.166016
0.000000	0.015700	-2.123047
0.000820	0.015700	-2.097656
0.000820	0.017065	-2.089844
0.000820	0.018430	-2.072266
0.000820	0.024573	-2.066406
0.000820	0.025939	-2.046875
0.000820	0.027304	-2.039062
0.000820	0.028669	-2.033203
0.000820	0.029352	-2.029297
0.000820	0.030717	-2.025391
0.000820	0.034130	-2.019531
0.000820	0.035495	-2.017578
0.000820	0.038225	-2.013672
0.000820	0.040273	-2.009766
0.000820	0.041638	-2.005859
0.000820	0.044369	-2.000000
0.000820	0.045734	-1.991211
0.000820	0.048464	-1.989258
0.000820	0.049829	-1.983398
0.000820	0.051195	-1.981445
0.000820	0.055973	-1.975586
0.001641	0.056655	-1.974609
0.001641	0.059386	-1.971680
0.002461	0.059386	-1.970703
0.002461	0.060751	-1.969727
0.002461	0.063481	-1.968750
0.003281	0.064846	-1.965820
0.004102	0.064846	-1.964844
0.004102	0.070307	-1.962891
0.004102	0.071672	-1.958984
0.004102	0.073038	-1.957031
0.004922	0.073038	-1.956055
0.004922	0.075085	-1.955078
0.004922	0.077133	-1.950195
0.005742	0.077816	-1.946289
0.005742	0.079863	-1.942383
0.005742	0.087372	-1.940430
0.005742	0.088737	-1.938477
0.005742	0.090102	-1.937500
0.005742	0.091468	-1.934570
0.005742	0.092150	-1.932617
0.005742	0.093515	-1.931641
0.005742	0.096928	-1.928711
0.006563	0.096928	-1.927734
0.006563	0.097611	-1.926758
0.007383	0.098294	-1.919922
0.007383	0.101024	-1.916016
0.007383	0.103754	-1.915039
0.007383	0.104437	-1.912109
0.007383	0.105802	-1.911133
0.007383	0.106485	-1.909180
0.007383	0.107850	-1.908203
0.007383	0.109215	-1.907227
0.007383	0.111945	-1.906250
0.007383	0.113993	-1.905273
0.007383	0.114676	-1.900391
0.007383	0.116724	-1.898438
0.007383	0.118771	-1.897461
0.007383	0.120137	-1.896484
0.007383	0.120819	-1.895508
0.008203	0.121502	-1.894531
0.008203	0.123549	-1.884766
0.009024	0.123549	-1.882812
0.009024	0.124232	-1.880859
0.009024	0.126962	-1.879883
0.009024	0.127645	-1.875000
0.009844	0.128328	-1.874023
0.009844	0.130375	-1.873047
0.009844	0.133788	-1.872070
0.009844	0.135154	-1.870117
0.009844	0.137201	-1.869141
0.010664	0.137201	-1.868164
0.010664	0.138567	-1.866211
0.011485	0.139249	-1.865234
0.011485	0.141980	-1.864258
0.011485	0.143345	-1.863281
0.011485	0.144027	-1.861328
0.011485	0.145392	-1.860352
0.011485	0.146075	-1.858398
0.012305	0.146075	-1.857422
0.013126	0.146758	-1.856445
0.013126	0.148123	-1.853516
0.013946	0.148123	-1.852539
0.013946	0.149488	-1.851562
0.013946	0.150171	-1.849609
0.013946	0.151536	-1.848633
0.013946	0.152218	-1.847656
0.013946	0.153584	-1.846680
0.013946	0.154266	-1.845703
0.013946	0.155631	-1.842773
0.013946	0.158362	-1.841797
0.014766	0.159044	-1.839844
0.014766	0.159727	-1.838867
0.014766	0.161092	-1.836914
0.015587	0.162457	-1.835938
0.015587	0.163823	-1.834961
0.015587	0.165188	-1.833008
0.015587	0.167918	-1.832031
0.016407	0.168601	-1.830078
0.016407	0.176109	-1.829102
0.016407	0.178157	-1.827148
0.016407	0.178840	-1.826172
0.017227	0.178840	-1.825195
0.017227	0.179522	-1.824219
0.017227	0.182253	-1.821289
0.017227	0.183618	-1.820312
0.017227	0.184300	-1.818359
0.017227	0.187031	-1.816406
0.017227	0.189078	-1.815430
0.017227	0.191126	-1.814453
0.017227	0.192491	-1.812500
0.017227	0.193857	-1.807617
0.017227	0.195222	-1.805664
0.017227	0.197952	-1.803711
0.017227	0.200000	-1.802734
0.017227	0.201365	-1.801758
0.017227	0.204096	-1.800781
0.017227	0.204778	-1.798828
0.017227	0.207509	-1.796875
0.017227	0.209556	-1.795898
0.018048	0.209556	-1.794922
0.018048	0.212287	-1.792969
0.018048	0.212969	-1.791992
0.018048	0.215017	-1.790039
0.018048	0.215700	-1.789062
0.018048	0.217065	-1.788086
0.018048	0.218430	-1.787109
0.018048	0.219795	-1.786133
0.018048	0.221160	-1.784180
0.018048	0.222526	-1.783203
0.018048	0.223208	-1.782227
0.018048	0.225939	-1.781250
0.018048	0.227986	-1.780273
0.018048	0.231399	-1.779297
0.018868	0.232765	-1.777344
0.018868	0.234812	-1.774414
0.018868	0.235495	-1.773438
0.018868	0.236860	-1.772461
0.018868	0.238908	-1.771484
0.019688	0.239590	-1.769531
0.020509	0.239590	-1.768555
0.020509	0.241638	-1.767578
0.020509	0.243003	-1.766602
0.020509	0.244369	-1.765625
0.021329	0.245734	-1.764648
0.021329	0.247099	-1.763672
0.021329	0.247782	-1.762695
0.022149	0.248464	-1.760742
0.022149	0.250512	-1.758789
0.022149	0.251195	-1.753906
0.022149	0.252560	-1.751953
0.022149	0.253242	-1.750977
0.022970	0.253925	-1.750000
0.022970	0.255290	-1.749023
0.023790	0.255973	-1.748047
0.023790	0.258020	-1.746094
0.024610	0.258703	-1.745117
0.024610	0.262799	-1.744141
0.024610	0.264164	-1.743164
0.025431	0.264846	-1.742188
0.025431	0.270307	-1.741211
0.026251	0.270307	-1.740234
0.026251	0.270990	-1.739258
0.026251	0.276451	-1.736328
0.026251	0.277816	-1.735352
0.027071	0.278498	-1.733398
0.027071	0.279181	-1.732422
0.027071	0.280546	-1.731445
0.027071	0.281911	-1.730469
0.027071	0.283276	-1.727539
0.027071	0.284642	-1.724609
0.027892	0.286007	-1.723633
0.027892	0.287372	-1.722656
0.028712	0.287372	-1.720703
0.028712	0.288737	-1.719727
0.028712	0.290785	-1.715820
0.028712	0.291468	-1.713867
0.028712	0.292833	-1.710938
0.028712	0.294881	-1.709961
0.028712	0.296246	-1.708984
0.028712	0.297611	-1.708008
0.029532	0.298294	-1.703125
0.029532	0.298976	-1.702148
0.030353	0.299659	-1.701172
0.030353	0.300341	-1.698242
0.031173	0.300341	-1.697266
0.031173	0.301024	-1.696289
0.031173	0.303754	-1.694336
0.031173	0.304437	-1.692383
0.031173	0.305802	-1.691406
0.031173	0.306485	-1.689453
0.031993	0.307167	-1.686523
0.031993	0.308532	-1.684570
0.031993	0.309898	-1.682617
0.031993	0.312628	-1.681641
0.031993	0.313993	-1.679688
0.031993	0.315358	-1.678711
0.031993	0.318089	-1.677734
0.031993	0.320137	-1.676758
0.031993	0.321502	-1.675781
0.031993	0.322867	-1.672852
0.031993	0.324915	-1.671875
0.031993	0.326280	-1.670898
0.031993	0.326962	-1.669922
0.031993	0.329010	-1.667969
0.031993	0.331741	-1.666992
0.031993	0.335154	-1.666016
0.031993	0.337201	-1.665039
0.031993	0.338567	-1.663086
0.032814	0.339249	-1.662109
0.032814	0.339932	-1.660156
0.033634	0.340614	-1.658203
0.035275	0.341980	-1.657227
0.035275	0.343345	-1.656250
0.035275	0.344027	-1.655273
0.035275	0.345392	-1.654297
0.035275	0.346075	-1.652344
0.036095	0.346758	-1.651367
0.036095	0.349488	-1.650391
0.036916	0.350171	-1.649414
0.036916	0.354266	-1.648438
0.036916	0.356314	-1.647461
0.036916	0.358362	-1.646484
0.037736	0.359727	-1.645508
0.037736	0.361775	-1.644531
0.037736	0.362457	-1.642578
0.038556	0.363140	-1.641602
0.038556	0.363823	-1.638672
0.038556	0.365188	-1.637695
0.038556	0.366553	-1.635742
0.039377	0.366553	-1.634766
0.039377	0.367918	-1.633789
0.040197	0.367918	-1.631836
0.040197	0.368601	-1.630859
0.040197	0.371331	-1.628906
0.040197	0.372014	-1.625000
0.041838	0.372014	-1.624023
0.041838	0.372696	-1.621094
0.042658	0.373379	-1.619141
0.042658	0.374061	-1.616211
0.044299	0.374061	-1.615234
0.044299	0.374744	-1.613281
0.045939	0.374744	-1.612305
0.045939	0.378157	-1.611328
0.045939	0.380887	-1.605469
0.045939	0.384300	-1.604492
0.046760	0.384300	-1.600586
0.046760	0.384983	-1.598633
0.047580	0.384983	-1.596680
0.047580	0.389078	-1.595703
0.048400	0.389078	-1.593750
0.048400	0.391126	-1.592773
0.048400	0.393174	-1.589844
0.048400	0.393857	-1.588867
0.048400	0.395904	-1.587891
0.048400	0.396587	-1.586914
0.049221	0.396587	-1.585938
0.049221	0.398635	-1.584961
0.049221	0.400683	-1.583984
0.049221	0.403413	-1.583008
0.050041	0.403413	-1.580078
0.050041	0.404096	-1.578125
0.050041	0.406143	-1.576172
0.050041	0.408874	-1.575195
0.050861	0.409556	-1.566406
0.050861	0.410922	-1.564453
0.050861	0.412969	-1.561523
0.050861	0.414334	-1.560547
0.051682	0.415017	-1.559570
0.051682	0.417747	-1.558594
0.051682	0.419113	-1.557617
0.051682	0.420478	-1.554688
0.052502	0.421160	-1.550781
0.054143	0.421160	-1.546875
0.054143	0.423208	-1.544922
0.054143	0.424573	-1.543945
0.054143	0.425256	-1.541992
0.054143	0.426621	-1.540039
0.054143	0.428669	-1.538086
0.054143	0.430034	-1.535156
0.054143	0.430717	-1.532227
0.054963	0.430717	-1.530273
0.054963	0.432082	-1.528320
0.054963	0.433447	-1.527344
0.054963	0.437543	-1.526367
0.054963	0.438908	-1.525391
0.054963	0.443003	-1.520508
0.056604	0.443003	-1.519531
0.056604	0.444369	-1.517578
0.057424	0.445051	-1.516602
0.057424	0.447782	-1.514648
0.057424	0.449147	-1.513672
0.057424	0.449829	-1.512695
0.057424	0.452560	-1.511719
0.057424	0.462116	-1.509766
0.058244	0.462116	-1.507812
0.058244	0.464846	-1.506836
0.059065	0.464846	-1.504883
0.059065	0.465529	-1.503906
0.059065	0.467577	-1.502930
0.059065	0.470307	-1.501953
0.059065	0.471672	-1.497070
0.059065	0.472355	-1.496094
0.059065	0.473720	-1.494141
0.059065	0.475085	-1.490234
0.060705	0.475085	-1.489258
0.060705	0.481229	-1.487305
0.060705	0.483959	-1.486328
0.060705	0.485324	-1.485352
0.061526	0.485324	-1.484375
0.061526	0.486689	-1.483398
0.062346	0.486689	-1.481445
0.062346	0.487372	-1.479492
0.063167	0.488055	-1.474609
0.063167	0.489420	-1.471680
0.063167	0.491468	-1.469727
0.063167	0.498976	-1.467773
0.063167	0.500341	-1.466797
0.063167	0.501024	-1.465820
0.063167	0.503754	-1.464844
0.063167	0.505119	-1.463867
0.063987	0.505119	-1.460938
0.063987	0.507850	-1.458984
0.063987	0.509215	-1.458008
0.063987	0.511263	-1.457031
0.063987	0.512628	-1.455078
0.063987	0.513311	-1.452148
0.063987	0.514676	-1.451172
0.063987	0.516041	-1.446289
0.064807	0.516724	-1.445312
0.064807	0.518089	-1.441406
0.064807	0.519454	-1.440430
0.064807	0.522867	-1.438477
0.064807	0.525597	-1.437500
0.065628	0.526280	-1.436523
0.065628	0.526962	-1.435547
0.066448	0.527645	-1.433594
0.066448	0.528328	-1.431641
0.067268	0.528328	-1.425781
0.067268	0.529693	-1.424805
0.068909	0.529693	-1.423828
0.068909	0.531058	-1.422852
0.068909	0.532423	-1.421875
0.068909	0.533788	-1.419922
0.069729	0.533788	-1.418945
0.069729	0.535154	-1.417969
0.070550	0.535836	-1.414062
0.070550	0.539932	-1.413086
0.071370	0.539932	-1.412109
0.071370	0.541297	-1.411133
0.072190	0.541980	-1.409180
0.072190	0.542662	-1.407227
0.073011	0.543345	-1.406250
0.073011	0.546075	-1.405273
0.073011	0.547440	-1.401367
0.073011	0.551536	-1.400391
0.073831	0.551536	-1.398438
0.073831	0.554266	-1.397461
0.074651	0.554949	-1.396484
0.074651	0.558362	-1.395508
0.075472	0.558362	-1.394531
0.075472	0.562457	-1.392578
0.075472	0.563823	-1.391602
0.075472	0.565870	-1.384766
0.075472	0.567235	-1.383789
0.075472	0.569283	-1.380859
0.076292	0.569966	-1.375977
0.076292	0.571331	-1.375000
0.077112	0.572696	-1.374023
0.077112	0.573379	-1.373047
0.077933	0.573379	-1.371094
0.077933	0.574061	-1.367188
0.078753	0.574061	-1.366211
0.078753	0.581570	-1.365234
0.078753	0.583618	-1.363281
0.078753	0.584300	-1.358398
0.079573	0.584300	-1.356445
0.079573	0.585666	-1.355469
0.080394	0.585666	-1.352539
0.080394	0.588396	-1.351562
0.081214	0.588396	-1.350586
0.081214	0.589078	-1.348633
0.081214	0.590444	-1.343750
0.082034	0.590444	-1.340820
0.082034	0.593174	-1.333984
0.082034	0.593857	-1.332031
0.082034	0.595904	-1.329102
0.082034	0.597952	-1.325195
0.082855	0.599317	-1.324219
0.083675	0.599317	-1.322266
0.083675	0.602048	-1.321289
0.083675	0.603413	-1.319336
0.083675	0.605461	-1.318359
0.083675	0.606826	-1.317383
0.083675	0.608874	-1.314453
0.084495	0.609556	-1.309570
0.084495	0.612287	-1.307617
0.084495	0.613652	-1.303711
0.085316	0.613652	-1.301758
0.085316	0.616382	-1.300781
0.086136	0.617065	-1.299805
0.087777	0.617065	-1.298828
0.088597	0.617065	-1.295898
0.088597	0.619795	-1.294922
0.089418	0.619795	-1.292969
0.089418	0.622526	-1.291992
0.090238	0.622526	-1.289062
0.090238	0.623208	-1.285156
0.090238	0.624573	-1.284180
0.090238	0.627304	-1.283203
0.091058	0.627304	-1.282227
0.091058	0.627986	-1.280273
0.091879	0.627986	-1.279297
0.091879	0.632082	-1.275391
0.091879	0.633447	-1.272461
0.092699	0.634130	-1.269531
0.092699	0.634812	-1.267578
0.092699	0.637543	-1.266602
0.092699	0.639590	-1.257812
0.093519	0.639590	-1.253906
0.093519	0.640273	-1.252930
0.094340	0.640273	-1.248047
0.094340	0.642321	-1.246094
0.095160	0.643686	-1.244141
0.096801	0.643686	-1.243164
0.096801	0.644369	-1.241211
0.096801	0.645734	-1.240234
0.096801	0.649147	-1.236328
0.096801	0.650512	-1.232422
0.096801	0.651195	-1.226562
0.097621	0.651877	-1.225586
0.097621	0.652560	-1.221680
0.097621	0.653925	-1.219727
0.098441	0.653925	-1.218750
0.098441	0.656655	-1.217773
0.099262	0.656655	-1.215820
0.099262	0.662799	-1.212891
0.100082	0.663481	-1.210938
0.100082	0.664846	-1.201172
0.100902	0.666212	-1.200195
0.101723	0.666212	-1.199219
0.102543	0.666894	-1.195312
0.102543	0.673038	-1.194336
0.102543	0.674403	-1.193359
0.103363	0.674403	-1.192383
0.103363	0.676451	-1.190430
0.104184	0.676451	-1.187500
0.104184	0.679863	-1.185547
0.105824	0.679863	-1.184570
0.105824	0.683276	-1.181641
0.105824	0.684642	-1.180664
0.106645	0.684642	-1.179688
0.106645	0.685324	-1.177734
0.107465	0.685324	-1.166992
0.107465	0.688055	-1.165039
0.108285	0.688737	-1.164062
0.108285	0.689420	-1.157227
0.108285	0.690785	-1.156250
0.108285	0.695563	-1.154297
0.109106	0.696246	-1.147461
0.109106	0.696928	-1.146484
0.109106	0.698294	-1.145508
0.110747	0.698294	-1.144531
0.110747	0.705802	-1.143555
0.112387	0.705802	-1.141602
0.112387	0.706485	-1.140625
0.113208	0.706485	-1.138672
0.113208	0.709215	-1.136719
0.114028	0.709898	-1.133789
0.114028	0.710580	-1.131836
0.114848	0.710580	-1.130859
0.115669	0.711263	-1.126953
0.115669	0.718771	-1.125977
0.116489	0.718771	-1.125000
0.116489	0.719454	-1.122070
0.117309	0.719454	-1.112305
0.117309	0.723549	-1.111328
0.118130	0.723549	-1.108398
0.118130	0.725597	-1.106445
0.118130	0.726962	-1.102539
0.118950	0.726962	-1.096680
0.118950	0.729010	-1.090820
0.119770	0.729010	-1.089844
0.120591	0.729693	-1.087891
0.121411	0.729693	-1.084961
0.121411	0.730375	-1.083984
0.123052	0.730375	-1.082031
0.123872	0.730375	-1.081055
0.123872	0.733106	-1.080078
0.124692	0.733106	-1.079102
0.124692	0.735154	-1.077148
0.124692	0.736519	-1.074219
0.125513	0.736519	-1.073242
0.125513	0.738567	-1.072266
0.126333	0.738567	-1.070312
0.126333	0.745392	-1.069336
0.127974	0.745392	-1.064453
0.127974	0.746075	-1.060547
0.128794	0.746075	-1.059570
0.128794	0.749488	-1.055664
0.132075	0.749488	-1.054688
0.132075	0.750853	-1.051758
0.132896	0.750853	-1.050781
0.132896	0.751536	-1.048828
0.133716	0.751536	-1.047852
0.133716	0.752901	-1.044922
0.134537	0.752901	-1.043945
0.134537	0.754949	-1.041016
0.135357	0.754949	-1.040039
0.135357	0.756314	-1.039062
0.136177	0.756314	-1.038086
0.136177	0.759044	-1.034180
0.136998	0.759044	-1.033203
0.136998	0.759727	-1.031250
0.137818	0.759727	-1.029297
0.137818	0.760410	-1.028320
0.138638	0.760410	-1.026367
0.138638	0.761092	-1.024414
0.142740	0.761092	-1.021484
0.142740	0.763140	-1.020508
0.143560	0.763823	-1.017578
0.145201	0.763823	-1.016602
0.145201	0.764505	-1.014648
0.146021	0.764505	-1.011719
0.146021	0.768601	-1.006836
0.148482	0.768601	-0.999512
0.148482	0.773379	-0.998047
0.148482	0.774744	-0.995117
0.148482	0.775427	-0.994141
0.149303	0.775427	-0.992188
0.149303	0.776792	-0.990723
0.150943	0.776792	-0.988281
0.150943	0.777474	-0.980957
0.152584	0.777474	-0.978027
0.153404	0.778157	-0.975586
0.155045	0.778157	-0.975098
0.155045	0.778840	-0.972656
0.155045	0.780205	-0.970215
0.156686	0.780205	-0.969238
0.156686	0.781570	-0.967773
0.157506	0.781570	-0.965332
0.157506	0.782935	-0.961914
0.157506	0.783618	-0.960938
0.158326	0.783618	-0.957520
0.158326	0.784300	-0.955078
0.159147	0.784300	-0.953613
0.159147	0.787031	-0.952148
0.159967	0.787031	-0.951660
0.159967	0.787713	-0.950684
0.160788	0.787713	-0.949707
0.160788	0.791809	-0.946777
0.163249	0.791809	-0.945312
0.164069	0.792491	-0.936523
0.164069	0.793857	-0.935547
0.164069	0.795904	-0.934082
0.166530	0.795904	-0.932617
0.166530	0.799317	-0.931152
0.167350	0.799317	-0.930176
0.167350	0.800000	-0.928223
0.168171	0.800000	-0.925293
0.168171	0.800683	-0.924805
0.168991	0.800683	-0.922363
0.168991	0.801365	-0.921387
0.169811	0.801365	-0.920410
0.169811	0.805461	-0.914062
0.171452	0.805461	-0.911621
0.171452	0.806826	-0.905762
0.172272	0.806826	-0.898438
0.172272	0.808191	-0.896484
0.172272	0.809556	-0.889648
0.176374	0.809556	-0.889160
0.176374	0.813652	-0.886719
0.177194	0.815017	-0.883301
0.178015	0.815017	-0.880371
0.178015	0.817747	-0.876953
0.179655	0.817747	-0.876465
0.179655	0.823891	-0.871094
0.180476	0.823891	-0.864258
0.180476	0.825939	-0.863281
0.181296	0.825939	-0.862305
0.181296	0.830717	-0.860840
0.183757	0.830717	-0.857422
0.183757	0.832082	-0.848633
0.184578	0.832082	-0.846680
0.184578	0.833447	-0.846191
0.187859	0.833447	-0.836914
0.187859	0.834812	-0.829590
0.188679	0.834812	-0.818359
0.188679	0.835495	-0.814941
0.189500	0.835495	-0.812500
0.189500	0.836177	-0.811035
0.190320	0.836177	-0.810059
0.190320	0.837543	-0.809082
0.191140	0.837543	-0.806152
0.191140	0.843686	-0.805176
0.191961	0.843686	-0.804199
0.191961	0.846416	-0.802734
0.192781	0.846416	-0.801270
0.192781	0.847782	-0.795898
0.193601	0.847782	-0.792969
0.193601	0.849829	-0.791504
0.196883	0.849829	-0.791016
0.196883	0.851195	-0.790039
0.198523	0.851195	-0.789551
0.198523	0.851877	-0.788574
0.199344	0.851877	-0.786133
0.199344	0.853242	-0.784668
0.200164	0.853242	-0.775391
0.200164	0.854608	-0.774902
0.200984	0.854608	-0.770996
0.200984	0.855290	-0.768066
0.202625	0.855290	-0.767090
0.202625	0.857338	-0.764160
0.204266	0.857338	-0.759766
0.204266	0.858703	-0.754395
0.205906	0.858703	-0.751953
0.205906	0.860751	-0.748047
0.207547	0.860751	-0.744141
0.207547	0.862116	-0.742188
0.210829	0.862116	-0.740723
0.210829	0.862799	-0.735840
0.211649	0.862799	-0.732910
0.211649	0.863481	-0.731934
0.212469	0.863481	-0.729492
0.212469	0.865529	-0.726562
0.214110	0.865529	-0.722656
0.214110	0.866894	-0.721680
0.214930	0.866894	-0.721191
0.214930	0.867577	-0.719238
0.215751	0.867577	-0.713867
0.215751	0.868259	-0.712891
0.216571	0.868259	-0.711914
0.216571	0.868942	-0.710449
0.217391	0.868942	-0.708984
0.217391	0.870307	-0.708496
0.219032	0.870307	-0.708008
0.219032	0.872355	-0.705566
0.219852	0.872355	-0.703125
0.219852	0.876451	-0.699707
0.222313	0.876451	-0.697754
0.222313	0.877133	-0.688477
0.223134	0.877133	-0.687500
0.223134	0.878498	-0.685059
0.223954	0.878498	-0.682129
0.223954	0.879181	-0.670898
0.223954	0.880546	-0.667969
0.223954	0.883276	-0.666016
0.224774	0.883276	-0.661133
0.224774	0.884642	-0.659180
0.225595	0.885324	-0.656250
0.228876	0.885324	-0.655273
0.228876	0.886007	-0.654297
0.229696	0.886007	-0.653809
0.229696	0.888055	-0.652832
0.230517	0.888055	-0.651367
0.230517	0.889420	-0.648926
0.231337	0.889420	-0.647461
0.231337	0.890102	-0.644531
0.232158	0.890102	-0.644043
0.232158	0.892150	-0.641113
0.232978	0.892150	-0.640625
0.232978	0.894198	-0.639648
0.233798	0.894198	-0.637207
0.233798	0.895563	-0.635742
0.234619	0.895563	-0.632812
0.234619	0.896246	-0.630371
0.236259	0.896246	-0.625488
0.236259	0.896928	-0.623047
0.237080	0.896928	-0.620605
0.237900	0.897611	-0.619629
0.241181	0.897611	-0.618164
0.241181	0.898294	-0.615723
0.242822	0.898294	-0.614746
0.242822	0.898976	-0.611328
0.246103	0.898976	-0.607910
0.246103	0.899659	-0.606445
0.248564	0.899659	-0.598145
0.248564	0.901024	-0.595703
0.252666	0.901024	-0.593750
0.252666	0.901706	-0.591309
0.253486	0.901706	-0.589355
0.253486	0.903072	-0.585938
0.254307	0.903072	-0.585449
0.254307	0.905119	-0.583984
0.255127	0.905119	-0.583496
0.255127	0.906485	-0.579590
0.255947	0.906485	-0.577637
0.255947	0.907167	-0.577148
0.257588	0.907167	-0.576660
0.257588	0.908532	-0.572266
0.259229	0.909898	-0.571289
0.260870	0.909898	-0.567383
0.262510	0.909898	-0.562012
0.264151	0.909898	-0.558105
0.264151	0.911263	-0.555664
0.264971	0.911263	-0.550781
0.264971	0.911945	-0.549316
0.266612	0.911945	-0.548828
0.266612	0.914676	-0.547363
0.268253	0.914676	-0.541016
0.269893	0.914676	-0.539551
0.269893	0.915358	-0.537109
0.270714	0.915358	-0.535156
0.270714	0.916041	-0.534668
0.273995	0.916041	-0.534180
0.273995	0.916724	-0.529297
0.274815	0.916724	-0.517578
0.274815	0.919454	-0.516113
0.276456	0.919454	-0.514648
0.276456	0.920137	-0.511719
0.281378	0.920137	-0.510254
0.281378	0.921502	-0.509766
0.282199	0.921502	-0.508789
0.282199	0.924232	-0.501953
0.283019	0.924232	-0.500488
0.283019	0.925597	-0.499756
0.283839	0.925597	-0.496582
0.283839	0.926280	-0.493652
0.286300	0.926280	-0.492920
0.286300	0.928328	-0.484375
0.287121	0.928328	-0.482910
0.287121	0.929693	-0.480957
0.287941	0.929693	-0.480469
0.287941	0.930375	-0.475342
0.289582	0.930375	-0.466797
0.289582	0.931058	-0.466553
0.291222	0.931058	-0.465820
0.291222	0.931741	-0.464844
0.292863	0.931741	-0.464111
0.292863	0.932423	-0.461914
0.293683	0.932423	-0.461670
0.295324	0.932423	-0.458984
0.296965	0.932423	-0.458008
0.296965	0.933788	-0.456787
0.302707	0.933788	-0.453613
0.302707	0.934471	-0.449951
0.305168	0.934471	-0.446045
0.305168	0.935836	-0.444824
0.306809	0.935836	-0.438965
0.308450	0.935836	-0.438721
0.309270	0.935836	-0.436523
0.309270	0.937201	-0.433105
0.310911	0.937201	-0.431152
0.310911	0.937884	-0.430664
0.314192	0.937884	-0.429688
0.314192	0.938567	-0.426758
0.315012	0.939249	-0.423584
0.319114	0.939249	-0.423096
0.319114	0.940614	-0.421875
0.321575	0.940614	-0.415527
0.321575	0.941297	-0.408936
0.324036	0.941297	-0.406982
0.324036	0.941980	-0.401855
0.324856	0.941980	-0.400391
0.324856	0.944710	-0.393066
0.335521	0.944710	-0.392578
0.335521	0.946758	-0.390137
0.336341	0.947440	-0.388916
0.341263	0.947440	-0.388672
0.342904	0.947440	-0.387939
0.343724	0.948805	-0.384277
0.347006	0.948805	-0.382324
0.347006	0.949488	-0.382080
0.349467	0.949488	-0.379639
0.349467	0.950171	-0.377686
0.352748	0.950171	-0.377441
0.354389	0.950171	-0.375000
0.354389	0.950853	-0.374512
0.360131	0.950853	-0.372070
0.360131	0.951536	-0.371826
0.360952	0.951536	-0.370361
0.360952	0.952218	-0.367432
0.361772	0.952901	-0.366943
0.365874	0.952901	-0.364990
0.365874	0.954266	-0.364746
0.369155	0.954266	-0.363037
0.369155	0.955631	-0.360596
0.378179	0.955631	-0.358154
0.378179	0.956314	-0.353027
0.379820	0.956314	-0.350098
0.379820	0.956997	-0.349609
0.380640	0.956997	-0.345703
0.380640	0.957679	-0.341553
0.382281	0.957679	-0.340820
0.383921	0.957679	-0.334961
0.383921	0.958362	-0.332275
0.387203	0.958362	-0.331787
0.388843	0.958362	-0.329590
0.392125	0.958362	-0.328613
0.392125	0.959044	-0.327148
0.395406	0.959044	-0.324219
0.396226	0.959727	-0.323975
0.396226	0.960410	-0.322510
0.397867	0.960410	-0.321289
0.398687	0.960410	-0.321045
0.400328	0.960410	-0.318848
0.401148	0.960410	-0.314209
0.401969	0.961092	-0.310547
0.406891	0.961092	-0.309326
0.406891	0.962457	-0.308350
0.407711	0.962457	-0.307129
0.407711	0.963140	-0.305908
0.409352	0.963140	-0.304199
0.410172	0.963823	-0.303711
0.411813	0.963823	-0.301025
0.413454	0.963823	-0.300781
0.413454	0.964505	-0.300049
0.415915	0.964505	-0.299561
0.415915	0.965188	-0.294434
0.417555	0.965188	-0.294189
0.417555	0.965870	-0.283447
0.420837	0.965870	-0.283203
0.420837	0.967235	-0.282715
0.425759	0.967235	-0.280518
0.426579	0.967918	-0.277588
0.427400	0.967918	-0.276611
0.427400	0.968601	-0.275879
0.429040	0.968601	-0.274170
0.429040	0.969283	-0.273193
0.429861	0.969283	-0.272217
0.429861	0.969966	-0.270508
0.432322	0.969966	-0.270020
0.432322	0.971331	-0.267578
0.433142	0.971331	-0.267334
0.433142	0.972696	-0.260498
0.434783	0.972696	-0.259277
0.434783	0.974061	-0.257812
0.435603	0.974061	-0.256348
0.437244	0.974061	-0.255127
0.438064	0.974744	-0.254395
0.441345	0.974744	-0.253906
0.442986	0.974744	-0.252930
0.443806	0.974744	-0.250000
0.444627	0.975427	-0.245483
0.446267	0.975427	-0.244873
0.450369	0.975427	-0.243286
0.453651	0.975427	-0.240356
0.453651	0.976109	-0.238159
0.455291	0.976109	-0.236694
0.456932	0.976109	-0.235474
0.458573	0.976109	-0.233398
0.458573	0.977474	-0.230469
0.461034	0.977474	-0.228638
0.468417	0.977474	-0.227051
0.470057	0.977474	-0.221313
0.472518	0.977474	-0.218750
0.474159	0.977474	-0.217773
0.475800	0.977474	-0.208252
0.475800	0.978157	-0.205200
0.476620	0.978157	-0.205078
0.476620	0.979522	-0.204346
0.479081	0.979522	-0.203491
0.479081	0.980887	-0.202515
0.480722	0.980887	-0.198853
0.481542	0.980887	-0.198242
0.483183	0.980887	-0.197388
0.486464	0.980887	-0.195068
0.488105	0.980887	-0.194458
0.490566	0.980887	-0.194336
0.492207	0.980887	-0.189941
0.493027	0.980887	-0.189697
0.493847	0.981570	-0.189087
0.496308	0.981570	-0.188110
0.497129	0.982253	-0.185913
0.497129	0.982935	-0.184570
0.502871	0.982935	-0.181641
0.502871	0.984300	-0.181152
0.509434	0.984300	-0.175537
0.509434	0.984983	-0.172607
0.510254	0.985666	-0.172363
0.511895	0.985666	-0.169189
0.513536	0.985666	-0.168823
0.520098	0.985666	-0.168701
0.520098	0.986348	-0.166870
0.521739	0.986348	-0.163818
0.523380	0.986348	-0.162964
0.523380	0.987031	-0.160034
0.525021	0.987031	-0.154663
0.525021	0.987713	-0.154053
0.533224	0.987713	-0.149170
0.534865	0.987713	-0.147461
0.535685	0.987713	-0.147095
0.537326	0.987713	-0.145508
0.538146	0.987713	-0.143555
0.538966	0.988396	-0.141846
0.542248	0.988396	-0.132080
0.546349	0.988396	-0.125122
0.547990	0.988396	-0.123108
0.550451	0.988396	-0.122375
0.552912	0.988396	-0.120300
0.553733	0.988396	-0.119141
0.553733	0.989078	-0.119080
0.557834	0.989078	-0.113708
0.559475	0.989078	-0.113525
0.560295	0.989078	-0.112305
0.560295	0.990444	-0.108093
0.562756	0.990444	-0.104126
0.564397	0.990444	-0.100952
0.565217	0.990444	-0.100220
0.566858	0.990444	-0.097656
0.570960	0.990444	-0.097046
0.570960	0.991126	-0.096313
0.571780	0.991126	-0.092957
0.575062	0.991126	-0.091858
0.575882	0.991126	-0.091064
0.577523	0.991126	-0.088806
0.582445	0.991126	-0.088440
0.584906	0.991126	-0.087402
0.585726	0.991126	-0.083862
0.587367	0.991126	-0.080994
0.590648	0.991126	-0.080261
0.591468	0.991809	-0.078247
0.593109	0.991809	-0.078003
0.594750	0.992491	-0.073242
0.596390	0.992491	-0.072876
0.597211	0.992491	-0.070251
0.598031	0.993174	-0.067139
0.599672	0.993174	-0.062988
0.600492	0.993174	-0.060242
0.602953	0.993174	-0.057800
0.604594	0.993174	-0.056641
0.605414	0.993857	-0.055908
0.607055	0.993857	-0.055420
0.608696	0.993857	-0.054626
0.610336	0.993857	-0.052704
0.612797	0.993857	-0.046997
0.614438	0.993857	-0.044586
0.615258	0.993857	-0.044495
0.616899	0.993857	-0.042419
0.617719	0.993857	-0.042236
0.620180	0.993857	-0.039764
0.623462	0.993857	-0.036285
0.623462	0.994539	-0.033295
0.625923	0.994539	-0.030746
0.629204	0.994539	-0.030548
0.630845	0.994539	-0.029297
0.631665	0.994539	-0.028259
0.634126	0.994539	-0.028091
0.635767	0.994539	-0.024063
0.639869	0.995222	-0.022827
0.642330	0.995222	-0.018829
0.643970	0.995222	-0.018112
0.644791	0.995222	-0.017822
0.647252	0.995222	-0.017319
0.648072	0.995222	-0.014862
0.649713	0.995222	-0.014397
0.650533	0.995222	-0.012497
0.652994	0.995222	-0.012306
0.656276	0.995222	-0.009155
0.657096	0.995222	-0.002701
0.658737	0.995222	-0.001091
0.661198	0.995222	0.000563
0.662838	0.995222	0.000955
0.664479	0.995222	0.001554
0.666940	0.995222	0.007557
0.667760	0.995222	0.008369
0.669401	0.995222	0.009750
0.670221	0.995222	0.011086
0.671862	0.995222	0.011879
0.675144	0.995222	0.012482
0.676784	0.995222	0.014244
0.678425	0.995222	0.017258
0.680066	0.995222	0.018417
0.680886	0.995222	0.018906
0.682527	0.995222	0.021896
0.688269	0.995222	0.022156
0.689910	0.995222	0.022827
0.692371	0.995222	0.023056
0.694011	0.995222	0.023285
0.694832	0.995904	0.023529
0.695652	0.995904	0.023743
0.697293	0.995904	0.032288
0.698113	0.995904	0.035217
0.699754	0.995904	0.036469
0.701395	0.995904	0.037231
0.703035	0.995904	0.038300
0.704676	0.995904	0.039612
0.709598	0.995904	0.041809
0.713700	0.995904	0.042694
0.716981	0.995904	0.043915
0.720263	0.995904	0.046356
0.721903	0.996587	0.047852
0.722724	0.996587	0.048248
0.724364	0.996587	0.049713
0.730927	0.996587	0.052887
0.735849	0.996587	0.053864
0.737490	0.996587	0.055542
0.739130	0.996587	0.056335
0.739951	0.996587	0.056458
0.741591	0.996587	0.057983
0.742412	0.996587	0.064087
0.744053	0.996587	0.065308
0.744873	0.996587	0.066162
0.746514	0.996587	0.066406
0.748975	0.996587	0.070740
0.751436	0.996587	0.071594
0.752256	0.996587	0.073853
0.753897	0.996587	0.075928
0.756358	0.996587	0.076050
0.757998	0.996587	0.077698
0.759639	0.996587	0.078979
0.761280	0.996587	0.079712
0.764561	0.996587	0.079895
0.767842	0.996587	0.080200
0.770304	0.996587	0.083069
0.771944	0.996587	0.083862
0.772765	0.996587	0.083984
0.775226	0.996587	0.084900
0.776046	0.996587	0.085388
0.777687	0.996587	0.089417
0.781788	0.996587	0.089600
0.783429	0.996587	0.089661
0.789992	0.996587	0.091675
0.794914	0.996587	0.094116
0.796555	0.996587	0.095093
0.797375	0.997270	0.095520
0.799016	0.997270	0.098511
0.799836	0.997270	0.098633
0.801477	0.997270	0.099854
0.803117	0.997270	0.101685
0.804758	0.997270	0.104919
0.806399	0.997270	0.105286
0.808039	0.997270	0.109497
0.817063	0.997270	0.116699
0.819524	0.997270	0.117065
0.820345	0.997270	0.117798
0.823626	0.997270	0.119141
0.824446	0.997270	0.119202
0.826907	0.997270	0.120605
0.830189	0.997270	0.121033
0.831009	0.997270	0.121521
0.832650	0.997270	0.122253
0.833470	0.997270	0.124390
0.835111	0.997270	0.124695
0.835931	0.997270	0.126465
0.837572	0.997270	0.127197
0.838392	0.997270	0.127319
0.840853	0.997270	0.134766
0.842494	0.997270	0.136963
0.843314	0.997270	0.138062
0.844955	0.997270	0.138794
0.847416	0.997270	0.140503
0.848236	0.997270	0.143677
0.849877	0.997270	0.145264
0.850697	0.997270	0.147461
0.852338	0.997270	0.149780
0.853158	0.997270	0.149902
0.854799	0.997270	0.150391
0.855619	0.997270	0.151001
0.858901	0.997270	0.151855
0.861362	0.997270	0.151978
0.862182	0.997270	0.152832
0.865463	0.997270	0.152954
0.868745	0.997270	0.153442
0.871206	0.997270	0.153564
0.872847	0.997270	0.154297
0.877769	0.997270	0.155029
0.878589	0.997270	0.157471
0.880230	0.997270	0.158081
0.882691	0.997270	0.161377
0.882691	0.997952	0.162842
0.884331	0.997952	0.164917
0.885152	0.997952	0.165283
0.886792	0.997952	0.166504
0.890894	0.997952	0.166748
0.893355	0.997952	0.167114
0.893355	0.998635	0.167480
0.894996	0.998635	0.167603
0.897457	0.998635	0.168701
0.898277	0.998635	0.170898
0.899918	0.998635	0.174683
0.903199	0.998635	0.175537
0.904840	0.998635	0.176636
0.905660	0.998635	0.177002
0.908942	0.998635	0.177979
0.910582	0.998635	0.179688
0.913043	0.998635	0.179932
0.913864	0.998635	0.182373
0.916325	0.998635	0.183350
0.917966	0.998635	0.183472
0.921247	0.998635	0.183960
0.924528	0.998635	0.184448
0.926989	0.998635	0.184814
0.926989	0.999317	0.185059
0.928630	0.999317	0.185791
0.931911	0.999317	0.189453
0.932732	0.999317	0.189941
0.935193	0.999317	0.191895
0.936013	0.999317	0.193359
0.937654	0.999317	0.193481
0.938474	0.999317	0.197144
0.940935	0.999317	0.199707
0.945857	0.999317	0.200684
0.947498	0.999317	0.201172
0.951600	0.999317	0.202637
0.954061	0.999317	0.203247
0.956522	0.999317	0.205078
0.958983	0.999317	0.207764
0.964725	0.999317	0.208862
0.966366	0.999317	0.209106
0.967186	0.999317	0.210327
0.968827	0.999317	0.214722
0.969647	0.999317	0.218140
0.971288	0.999317	0.220093
0.973749	0.999317	0.220703
0.974569	0.999317	0.222168
0.976210	0.999317	0.223877
0.977030	0.999317	0.225098
0.977030	1.000000	0.228027
0.979491	1.000000	0.229858
0.981132	1.000000	0.230225
1.000000	1.000000	0.233154
