FPR	TPR	THR
0.000000	0.000000	inf
0.000000	0.000569	2.117188
0.000000	0.002844	2.109375
0.000000	0.004551	2.107422
0.000000	0.005119	2.105469
0.000000	0.006257	2.103516
0.000000	0.011377	2.097656
0.000000	0.015358	2.095703
0.000000	0.018771	2.093750
0.000000	0.021047	2.091797
0.000000	0.022184	2.089844
0.000000	0.023322	2.085938
0.000000	0.025597	2.083984
0.000000	0.026166	2.082031
0.000000	0.027304	2.080078
0.000000	0.027873	2.078125
0.000000	0.031286	2.074219
0.000000	0.033561	2.072266
0.000000	0.035267	2.068359
0.000000	0.036405	2.066406
0.000000	0.038111	2.064453
0.000000	0.039249	2.058594
0.000000	0.042662	2.052734
0.000000	0.044937	2.050781
0.000000	0.045506	2.048828
0.000000	0.047213	2.046875
0.000000	0.048350	2.044922
0.000000	0.050057	2.039062
0.000000	0.050626	2.037109
0.000647	0.050626	2.031250
0.000647	0.051195	2.029297
0.000647	0.052332	2.025391
0.000647	0.053470	2.021484
0.000647	0.054608	2.017578
0.001294	0.055745	2.015625
0.001294	0.056883	2.009766
0.001294	0.058020	2.005859
0.001294	0.059727	2.003906
0.001294	0.062571	1.992188
0.001294	0.063709	1.990234
0.001294	0.068828	1.933594
0.001294	0.069966	1.930664
0.001294	0.070535	1.924805
0.001294	0.071672	1.923828
0.001294	0.075085	1.883789
0.001294	0.076223	1.872070
0.001294	0.079636	1.824219
0.001294	0.080774	1.817383
0.001294	0.081342	1.815430
0.001294	0.082480	1.803711
0.001294	0.084755	1.778320
0.001294	0.087031	1.774414
0.001294	0.091581	1.719727
0.001942	0.091581	1.708008
0.001942	0.094425	1.679688
0.002589	0.094425	1.675781
0.002589	0.096701	1.662109
0.003236	0.096701	1.657227
0.003236	0.099545	1.621094
0.003236	0.101820	1.613281
0.003236	0.102389	1.589844
0.003236	0.103527	1.579102
0.003236	0.111490	1.511719
0.003236	0.112628	1.508789
0.003236	0.113766	1.497070
0.003883	0.113766	1.496094
0.003883	0.114903	1.490234
0.003883	0.116610	1.489258
0.003883	0.117179	1.485352
0.003883	0.118316	1.479492
0.003883	0.120023	1.469727
0.003883	0.121729	1.461914
0.003883	0.122298	1.454102
0.004531	0.122867	1.451172
0.004531	0.123436	1.442383
0.004531	0.125142	1.437500
0.005178	0.125142	1.436523
0.005178	0.130262	1.397461
0.005825	0.130262	1.392578
0.005825	0.135950	1.342773
0.006472	0.135950	1.338867
0.006472	0.150739	1.269531
0.006472	0.151877	1.262695
0.006472	0.154152	1.251953
0.006472	0.155290	1.250000
0.006472	0.156428	1.245117
0.007120	0.156997	1.243164
0.007120	0.158703	1.230469
0.007120	0.159841	1.227539
0.007120	0.163823	1.211914
0.007767	0.164391	1.209961
0.008414	0.164391	1.207031
0.008414	0.166098	1.201172
0.008414	0.167235	1.191406
0.008414	0.168373	1.189453
0.008414	0.170080	1.188477
0.008414	0.170648	1.185547
0.009061	0.170648	1.184570
0.009061	0.171786	1.178711
0.009709	0.171786	1.177734
0.009709	0.172924	1.176758
0.009709	0.173493	1.174805
0.009709	0.174630	1.172852
0.009709	0.175199	1.170898
0.010356	0.176906	1.168945
0.010356	0.178612	1.164062
0.010356	0.179750	1.163086
0.011003	0.180319	1.162109
0.011003	0.180887	1.160156
0.011003	0.182025	1.158203
0.011003	0.183163	1.153320
0.011650	0.183732	1.152344
0.011650	0.186007	1.148438
0.011650	0.186576	1.147461
0.011650	0.187713	1.145508
0.011650	0.189420	1.144531
0.011650	0.189989	1.142578
0.012298	0.190557	1.141602
0.012298	0.191695	1.139648
0.012298	0.192264	1.137695
0.012945	0.192264	1.135742
0.012945	0.192833	1.134766
0.013592	0.193402	1.133789
0.014239	0.193402	1.131836
0.014239	0.193970	1.127930
0.014887	0.193970	1.126953
0.014887	0.194539	1.124023
0.014887	0.196246	1.123047
0.014887	0.196815	1.121094
0.015534	0.197952	1.118164
0.015534	0.199090	1.114258
0.015534	0.200228	1.113281
0.015534	0.203072	1.107422
0.016181	0.203072	1.106445
0.016181	0.205916	1.105469
0.016181	0.207053	1.100586
0.016828	0.207053	1.098633
0.016828	0.207622	1.094727
0.016828	0.208760	1.091797
0.016828	0.212742	1.083008
0.017476	0.213311	1.081055
0.017476	0.214448	1.080078
0.017476	0.215017	1.079102
0.017476	0.216155	1.078125
0.017476	0.216724	1.077148
0.017476	0.217861	1.076172
0.017476	0.218430	1.069336
0.017476	0.219568	1.068359
0.017476	0.220137	1.065430
0.017476	0.221274	1.063477
0.017476	0.221843	1.059570
0.017476	0.222981	1.058594
0.017476	0.224118	1.054688
0.018123	0.224687	1.053711
0.018123	0.225256	1.052734
0.018770	0.225825	1.051758
0.018770	0.229238	1.047852
0.018770	0.230375	1.046875
0.018770	0.231513	1.044922
0.018770	0.233220	1.042969
0.018770	0.233788	1.041992
0.019417	0.234926	1.041016
0.019417	0.235495	1.040039
0.019417	0.236633	1.039062
0.019417	0.240046	1.037109
0.020712	0.241183	1.034180
0.020712	0.241752	1.033203
0.021359	0.242321	1.031250
0.021359	0.244027	1.027344
0.021359	0.245165	1.026367
0.021359	0.245734	1.024414
0.022006	0.245734	1.022461
0.022006	0.246303	1.021484
0.022006	0.248009	1.020508
0.022006	0.249147	1.019531
0.022006	0.249716	1.018555
0.022006	0.250853	1.016602
0.022654	0.250853	1.015625
0.022654	0.251991	1.013672
0.024595	0.251991	1.012695
0.024595	0.252560	1.008789
0.024595	0.254835	1.006836
0.025890	0.255973	1.004883
0.025890	0.259386	1.001953
0.025890	0.261092	0.995605
0.026537	0.262799	0.994629
0.026537	0.263936	0.992676
0.026537	0.265074	0.991211
0.026537	0.265643	0.990723
0.026537	0.267349	0.989258
0.026537	0.269056	0.985840
0.026537	0.270762	0.985352
0.027184	0.271331	0.984863
0.027184	0.273606	0.982910
0.027184	0.274744	0.981445
0.027184	0.276451	0.980957
0.027184	0.277019	0.980469
0.027184	0.278726	0.979980
0.027184	0.279863	0.977539
0.027184	0.281570	0.977051
0.027184	0.282708	0.974121
0.027832	0.283276	0.972656
0.027832	0.284414	0.972168
0.027832	0.286121	0.970703
0.027832	0.287258	0.970215
0.028479	0.287827	0.969727
0.028479	0.289534	0.966797
0.028479	0.291809	0.963867
0.028479	0.292378	0.962891
0.028479	0.293515	0.961914
0.029126	0.293515	0.961426
0.029126	0.294653	0.958984
0.029126	0.295791	0.958496
0.029126	0.298066	0.955078
0.030421	0.298066	0.953125
0.030421	0.299204	0.952148
0.030421	0.300341	0.951660
0.031068	0.300341	0.950195
0.031068	0.302048	0.948730
0.031068	0.303185	0.947266
0.031068	0.303754	0.945801
0.031068	0.306030	0.941895
0.031068	0.307736	0.937988
0.031715	0.307736	0.937500
0.031715	0.310011	0.932617
0.031715	0.311149	0.931641
0.031715	0.311718	0.930664
0.031715	0.312856	0.930176
0.031715	0.313424	0.929688
0.032362	0.313993	0.928223
0.032362	0.315131	0.927246
0.032362	0.315700	0.926758
0.033010	0.315700	0.925781
0.033010	0.316837	0.923340
0.033010	0.317406	0.922852
0.033657	0.317975	0.922363
0.033657	0.318544	0.920898
0.033657	0.319681	0.920410
0.033657	0.320250	0.918945
0.034951	0.320250	0.916504
0.034951	0.320819	0.915527
0.035599	0.320819	0.915039
0.035599	0.321957	0.914062
0.036246	0.322526	0.913574
0.036893	0.322526	0.912598
0.036893	0.323094	0.912109
0.037540	0.324232	0.911621
0.037540	0.325939	0.909668
0.038188	0.325939	0.909180
0.038188	0.327076	0.908203
0.038835	0.327076	0.907715
0.038835	0.328214	0.906250
0.039482	0.328214	0.904297
0.039482	0.331058	0.900879
0.039482	0.333333	0.898926
0.039482	0.333902	0.898438
0.039482	0.335040	0.897461
0.039482	0.335609	0.896973
0.039482	0.336746	0.895996
0.039482	0.337315	0.894531
0.039482	0.339590	0.893555
0.039482	0.342435	0.890137
0.040129	0.343572	0.886719
0.040777	0.344141	0.885742
0.041424	0.344141	0.883789
0.041424	0.344710	0.882812
0.042071	0.344710	0.881836
0.042071	0.345848	0.879395
0.042071	0.346985	0.877441
0.042071	0.348123	0.875488
0.042718	0.348692	0.875000
0.042718	0.349829	0.874512
0.043366	0.350967	0.874023
0.043366	0.352673	0.873535
0.043366	0.353811	0.872559
0.043366	0.354949	0.871582
0.044660	0.356086	0.870117
0.045955	0.356086	0.869629
0.045955	0.357224	0.868164
0.047249	0.357224	0.865723
0.047249	0.358362	0.864258
0.047249	0.359499	0.863281
0.047249	0.360068	0.862305
0.047249	0.361206	0.861816
0.047249	0.362344	0.859375
0.047896	0.362344	0.858887
0.047896	0.364050	0.858398
0.047896	0.364619	0.857910
0.048544	0.364619	0.857422
0.048544	0.365757	0.856445
0.048544	0.366894	0.855957
0.048544	0.367463	0.854980
0.049191	0.367463	0.854492
0.049191	0.368601	0.852051
0.049191	0.369738	0.851562
0.049838	0.369738	0.851074
0.049838	0.372014	0.848145
0.051133	0.372014	0.845703
0.051133	0.372582	0.845215
0.051780	0.373151	0.844727
0.051780	0.373720	0.842773
0.052427	0.375427	0.840820
0.052427	0.377133	0.840332
0.052427	0.377702	0.839355
0.053074	0.377702	0.838379
0.053074	0.379408	0.834961
0.053074	0.381115	0.833496
0.054369	0.381115	0.832520
0.055663	0.381684	0.832031
0.056311	0.381684	0.831543
0.056958	0.382821	0.829590
0.056958	0.383959	0.829102
0.056958	0.385097	0.827637
0.057605	0.385097	0.827148
0.057605	0.386234	0.826660
0.058252	0.386234	0.825684
0.058252	0.386803	0.824707
0.058252	0.390216	0.823242
0.058252	0.391923	0.821289
0.058252	0.393060	0.820312
0.058252	0.394198	0.817383
0.058252	0.395904	0.816895
0.058252	0.397042	0.816406
0.058252	0.398180	0.815430
0.058252	0.399886	0.813965
0.058252	0.401593	0.811523
0.058900	0.402730	0.811035
0.059547	0.402730	0.810547
0.059547	0.403299	0.810059
0.060194	0.403299	0.809082
0.060194	0.403868	0.808105
0.060194	0.405006	0.807617
0.060194	0.406143	0.806641
0.060194	0.408419	0.805176
0.060194	0.409556	0.803711
0.060841	0.410694	0.802734
0.060841	0.411263	0.802246
0.060841	0.413538	0.799805
0.060841	0.414107	0.798828
0.060841	0.415813	0.798340
0.060841	0.416382	0.797852
0.061489	0.416382	0.797363
0.061489	0.418089	0.796387
0.061489	0.419226	0.794922
0.061489	0.420364	0.791992
0.061489	0.420933	0.790527
0.062136	0.422071	0.789551
0.062136	0.422639	0.788574
0.062136	0.423777	0.786621
0.062136	0.426052	0.784180
0.062783	0.426621	0.783203
0.062783	0.427759	0.780273
0.063430	0.428328	0.778809
0.064078	0.428328	0.777832
0.064078	0.428896	0.777344
0.064725	0.428896	0.776855
0.064725	0.430034	0.776367
0.065372	0.431172	0.775879
0.065372	0.432309	0.773438
0.066019	0.432309	0.771973
0.066019	0.432878	0.771484
0.066667	0.433447	0.770996
0.066667	0.436291	0.767090
0.066667	0.437429	0.766113
0.066667	0.440273	0.762695
0.067314	0.440842	0.761719
0.067314	0.442548	0.760254
0.067314	0.443686	0.759766
0.067314	0.445392	0.756836
0.067314	0.446530	0.756348
0.067314	0.448237	0.754883
0.067314	0.449374	0.754395
0.067314	0.450512	0.752930
0.067314	0.452787	0.751465
0.067961	0.453356	0.749023
0.067961	0.454494	0.748535
0.068608	0.454494	0.748047
0.068608	0.455063	0.747559
0.069903	0.455631	0.746582
0.069903	0.456769	0.746094
0.069903	0.457338	0.745117
0.070550	0.457338	0.744629
0.070550	0.460182	0.738770
0.071197	0.460751	0.736328
0.071845	0.460751	0.735840
0.071845	0.463595	0.735352
0.072492	0.463595	0.733887
0.072492	0.464733	0.732422
0.072492	0.466439	0.731934
0.072492	0.467008	0.731445
0.073139	0.467008	0.729980
0.073139	0.468146	0.729004
0.073786	0.469283	0.728516
0.073786	0.469852	0.727539
0.074434	0.470421	0.727051
0.075728	0.470421	0.723145
0.075728	0.470990	0.722168
0.076375	0.470990	0.721680
0.076375	0.471559	0.720215
0.077023	0.472127	0.719727
0.077670	0.472127	0.719238
0.077670	0.473265	0.718262
0.077670	0.474403	0.717285
0.077670	0.475540	0.715820
0.077670	0.476678	0.715332
0.077670	0.479522	0.711426
0.078317	0.479522	0.710449
0.078964	0.480091	0.709473
0.078964	0.481229	0.708984
0.078964	0.482366	0.708008
0.079612	0.482935	0.707520
0.079612	0.485210	0.702148
0.079612	0.486348	0.701660
0.080259	0.486917	0.700195
0.080259	0.488623	0.699707
0.080259	0.489761	0.699219
0.080259	0.490330	0.698730
0.081553	0.491468	0.697266
0.082201	0.491468	0.696289
0.082201	0.492036	0.694824
0.083495	0.493174	0.692383
0.084142	0.493174	0.691406
0.084142	0.494881	0.687500
0.084142	0.496018	0.686523
0.084142	0.496587	0.686035
0.085437	0.496587	0.683594
0.086084	0.496587	0.682617
0.086084	0.497156	0.682129
0.086084	0.498294	0.681641
0.086084	0.498862	0.681152
0.086084	0.500000	0.680664
0.086731	0.501138	0.679688
0.086731	0.502844	0.677734
0.087379	0.502844	0.677246
0.087379	0.503413	0.676758
0.087379	0.505119	0.676270
0.087379	0.506257	0.674316
0.087379	0.507395	0.672852
0.087379	0.509670	0.672363
0.087379	0.510239	0.671875
0.088026	0.510808	0.671387
0.088026	0.512514	0.669434
0.088673	0.512514	0.668945
0.088673	0.513652	0.666504
0.089320	0.514221	0.666016
0.089320	0.515358	0.665039
0.090615	0.515358	0.664062
0.090615	0.516496	0.663086
0.091262	0.516496	0.662109
0.091262	0.518203	0.661621
0.091262	0.518771	0.661133
0.092557	0.518771	0.659668
0.092557	0.519909	0.659180
0.092557	0.523322	0.656250
0.092557	0.524460	0.655273
0.092557	0.525597	0.654297
0.092557	0.527304	0.653809
0.092557	0.527873	0.650391
0.094498	0.529579	0.647461
0.094498	0.530717	0.646973
0.094498	0.531286	0.645996
0.094498	0.532992	0.645508
0.095146	0.533561	0.645020
0.095146	0.534130	0.644531
0.096440	0.534130	0.644043
0.096440	0.535836	0.643555
0.096440	0.536974	0.641602
0.096440	0.539249	0.641113
0.097087	0.539818	0.640625
0.097087	0.543231	0.636230
0.097735	0.543231	0.635254
0.097735	0.545506	0.634277
0.098382	0.546644	0.633789
0.098382	0.547213	0.633301
0.099676	0.547213	0.631836
0.100324	0.548350	0.630859
0.100324	0.549488	0.630371
0.100324	0.550626	0.628418
0.100971	0.551763	0.627930
0.100971	0.552332	0.627441
0.101618	0.553470	0.626953
0.101618	0.554608	0.624023
0.102265	0.554608	0.623535
0.102265	0.555745	0.622559
0.102913	0.556314	0.621582
0.102913	0.557452	0.621094
0.102913	0.558020	0.620117
0.103560	0.558020	0.619141
0.103560	0.560296	0.618164
0.103560	0.561433	0.617188
0.104207	0.561433	0.616211
0.104207	0.562571	0.614746
0.104207	0.564846	0.611816
0.104207	0.566553	0.610352
0.106149	0.566553	0.609375
0.106149	0.568828	0.606934
0.107443	0.568828	0.605957
0.108091	0.569966	0.605469
0.108091	0.570535	0.602539
0.108738	0.571104	0.602051
0.109385	0.572241	0.601562
0.109385	0.573948	0.596680
0.110680	0.573948	0.596191
0.110680	0.575654	0.594238
0.111327	0.575654	0.593750
0.111327	0.577361	0.593262
0.111974	0.577929	0.591797
0.112621	0.577929	0.591309
0.113269	0.578498	0.590332
0.113269	0.579067	0.589844
0.114563	0.579636	0.589355
0.114563	0.581911	0.587891
0.115210	0.583618	0.587402
0.115858	0.583618	0.586914
0.115858	0.584755	0.584961
0.115858	0.585893	0.583008
0.116505	0.585893	0.582520
0.116505	0.587031	0.582031
0.117152	0.587031	0.581543
0.117152	0.589875	0.575195
0.117152	0.591013	0.574707
0.117799	0.591581	0.574219
0.117799	0.592150	0.573242
0.119094	0.592150	0.572266
0.119094	0.594994	0.566895
0.119741	0.595563	0.565430
0.121036	0.596132	0.564941
0.121683	0.596132	0.564453
0.121683	0.597270	0.563965
0.121683	0.598976	0.563477
0.121683	0.600114	0.561523
0.122977	0.601251	0.559082
0.122977	0.602389	0.558594
0.122977	0.605233	0.555176
0.122977	0.606371	0.554688
0.122977	0.606940	0.554199
0.123625	0.607509	0.550781
0.124919	0.607509	0.547363
0.124919	0.608646	0.544922
0.124919	0.610922	0.543945
0.124919	0.613766	0.537598
0.125566	0.614334	0.536621
0.126214	0.616041	0.536133
0.126214	0.617179	0.533203
0.126861	0.617179	0.532715
0.126861	0.617747	0.532227
0.127508	0.617747	0.531250
0.127508	0.619454	0.528320
0.128155	0.619454	0.527832
0.128155	0.621160	0.525391
0.128803	0.621729	0.524902
0.128803	0.623436	0.524414
0.129450	0.623436	0.523438
0.129450	0.624573	0.521973
0.130097	0.624573	0.520508
0.130097	0.625142	0.520020
0.130097	0.626280	0.519043
0.130097	0.626849	0.518555
0.130744	0.627986	0.518066
0.130744	0.629124	0.514648
0.131392	0.629124	0.514160
0.131392	0.630262	0.513672
0.132039	0.630262	0.513184
0.132039	0.631968	0.512695
0.132039	0.633106	0.511230
0.132039	0.634243	0.509766
0.132686	0.634812	0.508789
0.133333	0.634812	0.508301
0.133333	0.635381	0.507812
0.134628	0.635381	0.504395
0.135922	0.635950	0.503418
0.135922	0.636519	0.502930
0.136570	0.636519	0.502441
0.137217	0.637656	0.501465
0.137217	0.638794	0.500000
0.137864	0.638794	0.499512
0.137864	0.639363	0.498291
0.138511	0.639932	0.498047
0.138511	0.640501	0.496582
0.139159	0.640501	0.495850
0.139159	0.641638	0.495117
0.139806	0.641638	0.494873
0.139806	0.643345	0.492676
0.140453	0.643914	0.491455
0.141100	0.643914	0.490967
0.141100	0.644482	0.490723
0.141748	0.644482	0.490234
0.142395	0.645051	0.489990
0.143042	0.645051	0.489746
0.143042	0.646189	0.488770
0.144337	0.646189	0.487793
0.144337	0.646758	0.486572
0.146278	0.646758	0.481934
0.147573	0.646758	0.480957
0.147573	0.647327	0.478516
0.148220	0.647327	0.476807
0.148220	0.647895	0.476318
0.148867	0.647895	0.475830
0.148867	0.650171	0.472168
0.150809	0.650171	0.470215
0.150809	0.650739	0.469727
0.150809	0.651877	0.469482
0.151456	0.652446	0.468994
0.151456	0.653015	0.468750
0.151456	0.654721	0.468506
0.151456	0.656428	0.466553
0.152104	0.656997	0.465820
0.152751	0.656997	0.465576
0.152751	0.658134	0.464600
0.152751	0.659272	0.462402
0.155987	0.659272	0.458740
0.155987	0.659841	0.457275
0.157929	0.659841	0.456543
0.158576	0.659841	0.456299
0.158576	0.660410	0.453125
0.159871	0.660410	0.451416
0.159871	0.660978	0.451172
0.159871	0.662116	0.450928
0.160518	0.662116	0.449707
0.160518	0.663254	0.448486
0.161165	0.663254	0.447754
0.161165	0.663823	0.447266
0.161812	0.663823	0.445312
0.161812	0.664391	0.444824
0.162460	0.664960	0.444336
0.162460	0.665529	0.443359
0.163754	0.665529	0.441406
0.164401	0.666098	0.439697
0.164401	0.667804	0.438232
0.165049	0.667804	0.437012
0.165049	0.668942	0.435791
0.165696	0.669511	0.435547
0.165696	0.672355	0.431641
0.166343	0.672924	0.431396
0.166343	0.673493	0.431152
0.167638	0.673493	0.430420
0.167638	0.674061	0.430176
0.170227	0.674061	0.427002
0.170227	0.675199	0.423828
0.170874	0.675199	0.423584
0.171521	0.675768	0.422119
0.171521	0.676337	0.421875
0.171521	0.677474	0.421631
0.172816	0.677474	0.421387
0.173463	0.677474	0.421143
0.173463	0.679181	0.419434
0.175405	0.679181	0.417480
0.176052	0.679750	0.416992
0.176052	0.680319	0.416260
0.177994	0.680319	0.415039
0.177994	0.680887	0.414795
0.178641	0.680887	0.414062
0.178641	0.681456	0.413086
0.181230	0.681456	0.410645
0.181230	0.682594	0.409668
0.181877	0.683163	0.409180
0.181877	0.684300	0.407959
0.183172	0.684300	0.407471
0.183172	0.684869	0.407227
0.183819	0.685438	0.406738
0.184466	0.685438	0.406494
0.184466	0.686576	0.405029
0.185113	0.686576	0.404541
0.185113	0.687144	0.403809
0.185113	0.688282	0.402588
0.185761	0.688282	0.402344
0.185761	0.689420	0.402100
0.186408	0.689420	0.401367
0.186408	0.689989	0.401123
0.188350	0.689989	0.398438
0.188350	0.690557	0.398193
0.188350	0.691695	0.397217
0.188997	0.691695	0.396973
0.188997	0.692264	0.396484
0.190291	0.692264	0.395264
0.190291	0.695108	0.390381
0.190939	0.695108	0.389648
0.190939	0.695677	0.389160
0.192233	0.695677	0.388428
0.192233	0.696246	0.386475
0.192880	0.696246	0.385986
0.192880	0.697383	0.383057
0.194175	0.697383	0.382324
0.195469	0.697383	0.382080
0.195469	0.697952	0.380859
0.197411	0.697952	0.380127
0.197411	0.699090	0.379883
0.198706	0.699090	0.378662
0.198706	0.700228	0.377930
0.199353	0.700796	0.377441
0.199353	0.701365	0.376465
0.200647	0.701365	0.374023
0.200647	0.701934	0.373779
0.201942	0.701934	0.373291
0.202589	0.701934	0.373047
0.202589	0.702503	0.372559
0.203236	0.703072	0.372070
0.203236	0.703641	0.370605
0.204531	0.703641	0.370117
0.205178	0.704209	0.369141
0.205178	0.704778	0.368164
0.205178	0.705916	0.367920
0.205178	0.706485	0.366699
0.205825	0.707622	0.366455
0.205825	0.708760	0.364014
0.206472	0.709329	0.361816
0.206472	0.711035	0.356201
0.208414	0.711035	0.354248
0.208414	0.712173	0.352783
0.209709	0.712173	0.351807
0.211003	0.712173	0.349854
0.211003	0.712742	0.349121
0.211650	0.712742	0.348877
0.212298	0.713311	0.348145
0.212945	0.713311	0.347656
0.213592	0.713879	0.346924
0.213592	0.715017	0.345215
0.215534	0.715017	0.343262
0.215534	0.717292	0.338135
0.217476	0.717292	0.337402
0.217476	0.718430	0.336670
0.221359	0.718430	0.330811
0.221359	0.719568	0.330078
0.222006	0.719568	0.329834
0.222006	0.720705	0.329590
0.222006	0.722412	0.326416
0.223301	0.722412	0.325928
0.223301	0.726394	0.318115
0.223948	0.726394	0.317871
0.223948	0.726962	0.316895
0.225243	0.726962	0.315674
0.225243	0.732082	0.311035
0.225890	0.732082	0.310303
0.227184	0.732082	0.309082
0.227184	0.732651	0.308838
0.229126	0.732651	0.305176
0.229773	0.733220	0.304688
0.231715	0.733220	0.300781
0.231715	0.733788	0.300537
0.232362	0.733788	0.300293
0.233657	0.733788	0.299805
0.233657	0.734357	0.299561
0.234951	0.734357	0.298584
0.234951	0.734926	0.298096
0.236893	0.734926	0.294189
0.237540	0.735495	0.293457
0.238835	0.735495	0.292236
0.238835	0.736064	0.291260
0.239482	0.736064	0.290283
0.239482	0.736633	0.289307
0.240129	0.736633	0.289062
0.240129	0.737770	0.287842
0.240777	0.737770	0.287598
0.240777	0.738339	0.287109
0.242071	0.738339	0.286865
0.242071	0.738908	0.286621
0.244013	0.738908	0.285645
0.244013	0.741183	0.284180
0.244660	0.741183	0.283936
0.245307	0.741752	0.281738
0.245307	0.742890	0.280518
0.245307	0.744027	0.279541
0.245307	0.744596	0.277588
0.246602	0.744596	0.276123
0.246602	0.745165	0.275391
0.247249	0.745165	0.274902
0.247249	0.746871	0.272949
0.249191	0.746871	0.268555
0.249191	0.749147	0.263428
0.250485	0.749147	0.260498
0.250485	0.750284	0.259277
0.251780	0.750284	0.258057
0.251780	0.750853	0.256592
0.252427	0.750853	0.255859
0.252427	0.751422	0.255615
0.253074	0.751991	0.253174
0.253074	0.752560	0.252441
0.253074	0.753697	0.251953
0.253722	0.753697	0.251465
0.253722	0.754266	0.250977
0.256311	0.754266	0.246826
0.256311	0.755404	0.246582
0.256311	0.756542	0.243652
0.256958	0.756542	0.243408
0.256958	0.757110	0.242554
0.257605	0.757110	0.242432
0.257605	0.760523	0.240479
0.259547	0.760523	0.238770
0.260194	0.761661	0.238647
0.260841	0.761661	0.238403
0.260841	0.762799	0.237061
0.261489	0.762799	0.236450
0.261489	0.763936	0.235229
0.261489	0.765074	0.234985
0.261489	0.765643	0.234375
0.261489	0.767918	0.233154
0.261489	0.768487	0.233032
0.262136	0.768487	0.232788
0.262136	0.769625	0.231567
0.262783	0.769625	0.229370
0.262783	0.770193	0.226929
0.264725	0.770193	0.225464
0.264725	0.772469	0.224365
0.266019	0.772469	0.223389
0.266019	0.773038	0.222534
0.267314	0.773038	0.221924
0.267314	0.773606	0.221313
0.269256	0.773606	0.217773
0.269256	0.774175	0.217651
0.269903	0.774175	0.215576
0.269903	0.776451	0.210815
0.270550	0.776451	0.209473
0.270550	0.778726	0.207886
0.271197	0.778726	0.207031
0.272492	0.778726	0.206665
0.275081	0.778726	0.203613
0.275081	0.779295	0.203247
0.275728	0.779295	0.203125
0.275728	0.780432	0.202148
0.277023	0.780432	0.201050
0.277023	0.781001	0.200317
0.278964	0.781001	0.198608
0.278964	0.781570	0.198242
0.279612	0.782139	0.197754
0.279612	0.782708	0.197021
0.280259	0.782708	0.196777
0.280259	0.785552	0.191650
0.280906	0.785552	0.190186
0.280906	0.786121	0.189575
0.281553	0.786121	0.186523
0.281553	0.786689	0.186401
0.282201	0.786689	0.185425
0.282201	0.789534	0.180298
0.283495	0.789534	0.179932
0.283495	0.790671	0.177979
0.284142	0.790671	0.177490
0.284142	0.791240	0.176025
0.285437	0.791240	0.175659
0.285437	0.792378	0.171387
0.286084	0.792378	0.171143
0.286084	0.792947	0.170410
0.286731	0.793515	0.169312
0.286731	0.794084	0.168701
0.287379	0.794084	0.168335
0.287379	0.794653	0.167603
0.289320	0.794653	0.164551
0.289320	0.795222	0.163086
0.290615	0.795222	0.160767
0.290615	0.795791	0.160645
0.291262	0.795791	0.158936
0.291262	0.796928	0.153687
0.291909	0.796928	0.153198
0.291909	0.797497	0.152832
0.294498	0.797497	0.151245
0.294498	0.798066	0.149780
0.295146	0.798066	0.149292
0.295146	0.799204	0.148071
0.296440	0.799204	0.146973
0.296440	0.799772	0.146484
0.300971	0.799772	0.139771
0.301618	0.800341	0.138428
0.301618	0.800910	0.138184
0.304207	0.800910	0.131104
0.304207	0.801479	0.130493
0.305502	0.801479	0.129272
0.305502	0.802617	0.126709
0.306149	0.802617	0.125122
0.306149	0.803185	0.124878
0.306796	0.803185	0.122070
0.306796	0.804323	0.118530
0.307443	0.804323	0.118347
0.307443	0.804892	0.118042
0.309385	0.804892	0.116089
0.309385	0.805461	0.115540
0.310032	0.805461	0.115479
0.311327	0.805461	0.114380
0.311974	0.805461	0.113403
0.311974	0.806598	0.112732
0.312621	0.806598	0.111938
0.312621	0.808305	0.110413
0.313916	0.808305	0.109924
0.313916	0.808874	0.108521
0.314563	0.808874	0.108398
0.315858	0.808874	0.107849
0.316505	0.808874	0.106689
0.316505	0.809443	0.106201
0.317152	0.809443	0.105652
0.317152	0.810580	0.105164
0.317799	0.810580	0.103821
0.317799	0.811149	0.103638
0.318447	0.811149	0.103088
0.318447	0.812287	0.102478
0.319741	0.812287	0.101074
0.319741	0.812856	0.099792
0.320388	0.812856	0.099182
0.320388	0.813424	0.097107
0.321036	0.813993	0.095703
0.322977	0.813993	0.094666
0.322977	0.814562	0.093445
0.323625	0.814562	0.092773
0.324272	0.815131	0.092468
0.324919	0.815131	0.091553
0.324919	0.815700	0.090454
0.327508	0.815700	0.086548
0.327508	0.816268	0.086304
0.328155	0.816268	0.085449
0.329450	0.816268	0.084839
0.329450	0.817406	0.083984
0.330744	0.817406	0.082458
0.330744	0.819113	0.081665
0.331392	0.819113	0.080139
0.332039	0.819681	0.080017
0.332686	0.819681	0.079651
0.332686	0.821388	0.078735
0.333333	0.821388	0.078491
0.333333	0.821957	0.076111
0.333981	0.821957	0.075989
0.333981	0.822526	0.075928
0.337217	0.822526	0.072205
0.337217	0.825370	0.069824
0.338511	0.825370	0.067505
0.338511	0.826507	0.063660
0.339159	0.826507	0.062561
0.339159	0.827076	0.060883
0.341100	0.827076	0.059845
0.341100	0.827645	0.058502
0.341100	0.828783	0.058411
0.341100	0.829920	0.057922
0.341748	0.829920	0.057587
0.341748	0.831058	0.057007
0.343042	0.831058	0.055328
0.343042	0.831627	0.053711
0.344984	0.831627	0.051849
0.344984	0.832196	0.051605
0.345631	0.832196	0.050568
0.345631	0.833333	0.049225
0.346278	0.833333	0.049133
0.346278	0.834471	0.046722
0.346926	0.834471	0.046173
0.348220	0.834471	0.045166
0.350162	0.834471	0.044098
0.350162	0.835609	0.043488
0.351456	0.835609	0.041626
0.351456	0.836746	0.040314
0.352104	0.836746	0.039978
0.352104	0.837884	0.039062
0.352751	0.837884	0.038940
0.352751	0.838453	0.038330
0.353398	0.838453	0.038269
0.353398	0.839590	0.037018
0.354045	0.839590	0.035828
0.354045	0.841297	0.033997
0.354693	0.841297	0.032074
0.354693	0.841866	0.031677
0.355340	0.841866	0.030441
0.355340	0.842435	0.029495
0.356634	0.842435	0.029297
0.356634	0.843003	0.029190
0.357282	0.843003	0.028854
0.357282	0.843572	0.027679
0.357929	0.843572	0.025620
0.357929	0.844141	0.025146
0.358576	0.844141	0.023987
0.358576	0.845279	0.021347
0.359223	0.845279	0.021057
0.359223	0.846416	0.019196
0.360518	0.846416	0.018677
0.360518	0.846985	0.018448
0.361165	0.846985	0.018372
0.361165	0.847554	0.018173
0.362460	0.847554	0.017776
0.362460	0.848123	0.016541
0.363107	0.848123	0.016312
0.363107	0.849261	0.015236
0.370874	0.849261	0.005474
0.370874	0.850398	0.004791
0.372168	0.850398	0.004021
0.372168	0.850967	0.002789
0.373463	0.850967	0.001754
0.373463	0.852105	0.000947
0.374110	0.852105	0.000895
0.374110	0.852673	-0.000394
0.376052	0.852673	-0.003061
0.376052	0.854380	-0.006580
0.377994	0.854380	-0.008888
0.377994	0.854949	-0.009483
0.379288	0.854949	-0.010704
0.379288	0.855518	-0.010971
0.379935	0.855518	-0.011017
0.379935	0.856086	-0.011688
0.381230	0.856086	-0.015007
0.381230	0.857224	-0.015495
0.382524	0.857224	-0.017410
0.382524	0.858362	-0.019135
0.385761	0.858362	-0.022797
0.385761	0.860637	-0.026596
0.386408	0.860637	-0.028000
0.386408	0.862912	-0.031082
0.387055	0.862912	-0.032806
0.387055	0.863481	-0.032837
0.392233	0.863481	-0.038422
0.392233	0.865188	-0.039368
0.392880	0.865188	-0.039581
0.392880	0.865757	-0.039642
0.395469	0.865757	-0.041962
0.395469	0.866325	-0.042389
0.396117	0.866325	-0.042786
0.396117	0.866894	-0.042969
0.397411	0.866894	-0.046234
0.397411	0.868032	-0.046600
0.400647	0.868032	-0.053223
0.400647	0.868601	-0.054321
0.400647	0.870876	-0.055084
0.401942	0.870876	-0.057739
0.401942	0.871445	-0.059479
0.404531	0.871445	-0.062317
0.404531	0.872014	-0.065552
0.405178	0.872014	-0.066589
0.406472	0.872014	-0.066895
0.406472	0.872582	-0.068176
0.407120	0.872582	-0.069214
0.407120	0.873151	-0.069763
0.409061	0.873151	-0.071289
0.409061	0.873720	-0.071472
0.411003	0.873720	-0.076172
0.412298	0.873720	-0.076843
0.412298	0.874289	-0.077820
0.412945	0.874289	-0.078064
0.412945	0.874858	-0.079041
0.414239	0.874858	-0.080444
0.414239	0.875427	-0.080750
0.418123	0.875427	-0.085754
0.418123	0.876564	-0.087830
0.418770	0.876564	-0.089294
0.418770	0.878840	-0.091431
0.419417	0.878840	-0.093201
0.419417	0.879408	-0.093628
0.420712	0.879408	-0.096863
0.420712	0.879977	-0.097534
0.423948	0.879977	-0.102234
0.423948	0.880546	-0.104248
0.426537	0.880546	-0.108398
0.426537	0.881684	-0.110107
0.427832	0.881684	-0.112000
0.427832	0.883390	-0.114868
0.431068	0.883390	-0.120911
0.431068	0.885666	-0.125488
0.431715	0.885666	-0.125610
0.431715	0.887372	-0.127197
0.432362	0.887372	-0.128174
0.432362	0.887941	-0.129272
0.433657	0.887941	-0.131592
0.433657	0.888510	-0.135498
0.434304	0.888510	-0.136353
0.434304	0.889078	-0.136475
0.434951	0.889078	-0.136597
0.434951	0.889647	-0.137939
0.437540	0.889647	-0.141602
0.437540	0.891923	-0.146240
0.441424	0.891923	-0.161133
0.441424	0.892491	-0.164795
0.442071	0.892491	-0.165039
0.442071	0.893629	-0.167114
0.444013	0.893629	-0.167969
0.444013	0.894198	-0.169434
0.444660	0.894198	-0.171265
0.444660	0.894767	-0.173584
0.445955	0.894767	-0.174072
0.445955	0.895904	-0.176025
0.447896	0.895904	-0.177979
0.447896	0.897042	-0.179443
0.449838	0.897042	-0.185425
0.451133	0.897042	-0.185547
0.453074	0.897042	-0.186646
0.453074	0.897611	-0.187134
0.454369	0.897611	-0.189941
0.454369	0.898180	-0.191284
0.456311	0.898180	-0.194458
0.456958	0.898749	-0.195557
0.457605	0.898749	-0.197388
0.457605	0.899317	-0.197754
0.459547	0.899317	-0.200684
0.459547	0.900455	-0.201050
0.461489	0.900455	-0.206421
0.461489	0.901024	-0.207520
0.463430	0.901024	-0.209351
0.463430	0.901593	-0.210815
0.466019	0.901593	-0.213013
0.466667	0.902162	-0.213745
0.469256	0.902162	-0.218140
0.469256	0.903299	-0.219849
0.469903	0.903299	-0.220215
0.469903	0.903868	-0.222900
0.471197	0.903868	-0.223633
0.471197	0.905006	-0.224365
0.473786	0.905006	-0.234253
0.473786	0.905575	-0.234375
0.475728	0.905575	-0.236938
0.475728	0.906143	-0.237793
0.477023	0.906143	-0.238525
0.477023	0.906712	-0.239746
0.478964	0.906712	-0.242065
0.478964	0.907850	-0.243408
0.480906	0.907850	-0.245728
0.480906	0.910125	-0.253418
0.481553	0.910125	-0.255371
0.481553	0.910694	-0.256836
0.482848	0.910694	-0.260742
0.483495	0.911263	-0.260986
0.485437	0.911263	-0.262939
0.485437	0.911832	-0.263184
0.492557	0.911832	-0.275391
0.492557	0.912400	-0.276123
0.493851	0.912400	-0.279785
0.493851	0.912969	-0.280518
0.495793	0.912969	-0.284912
0.495793	0.914676	-0.288818
0.497087	0.914676	-0.289062
0.497735	0.915245	-0.290283
0.500971	0.915245	-0.295410
0.501618	0.915813	-0.296875
0.505502	0.915813	-0.302246
0.505502	0.917520	-0.303223
0.506149	0.917520	-0.304199
0.506149	0.918089	-0.304688
0.507443	0.918089	-0.308350
0.507443	0.918658	-0.308838
0.508738	0.918658	-0.312256
0.509385	0.918658	-0.314209
0.509385	0.919226	-0.315674
0.511327	0.919226	-0.316406
0.511327	0.920364	-0.317871
0.513269	0.920364	-0.320068
0.514563	0.920364	-0.320557
0.516505	0.920364	-0.326660
0.516505	0.920933	-0.326904
0.517152	0.920933	-0.328125
0.517152	0.921502	-0.329102
0.520388	0.921502	-0.333496
0.521036	0.922071	-0.334961
0.522977	0.922071	-0.341309
0.522977	0.922639	-0.343994
0.524272	0.922639	-0.345215
0.524272	0.923208	-0.345703
0.527508	0.923208	-0.347900
0.527508	0.924915	-0.350342
0.528155	0.924915	-0.350586
0.529450	0.924915	-0.354004
0.530097	0.925484	-0.354492
0.531392	0.925484	-0.355713
0.531392	0.926052	-0.356201
0.533333	0.926052	-0.360352
0.533333	0.926621	-0.361572
0.534628	0.926621	-0.362549
0.534628	0.927759	-0.365234
0.535922	0.927759	-0.367920
0.537217	0.927759	-0.368164
0.539806	0.927759	-0.373535
0.539806	0.928328	-0.374023
0.541748	0.928328	-0.378906
0.543042	0.928328	-0.383545
0.544337	0.928328	-0.385010
0.544337	0.928896	-0.386963
0.544984	0.928896	-0.388184
0.546278	0.928896	-0.389648
0.546278	0.929465	-0.390381
0.547573	0.929465	-0.392822
0.547573	0.930034	-0.393311
0.551456	0.930034	-0.398438
0.551456	0.930603	-0.399170
0.552104	0.930603	-0.401367
0.552104	0.931741	-0.402344
0.552751	0.932309	-0.402588
0.552751	0.932878	-0.405273
0.553398	0.932878	-0.405518
0.554693	0.932878	-0.406738
0.554693	0.933447	-0.406982
0.556634	0.933447	-0.409424
0.556634	0.934585	-0.412354
0.557282	0.934585	-0.414795
0.557282	0.935722	-0.416016
0.558576	0.935722	-0.418213
0.558576	0.936291	-0.418701
0.559223	0.936291	-0.419678
0.559223	0.936860	-0.420410
0.563107	0.936860	-0.424072
0.563754	0.937429	-0.433838
0.564401	0.937429	-0.434326
0.564401	0.937998	-0.435547
0.565049	0.937998	-0.437500
0.565049	0.939704	-0.443115
0.565696	0.939704	-0.445557
0.565696	0.940273	-0.446045
0.567638	0.940273	-0.448975
0.567638	0.940842	-0.451416
0.570874	0.940842	-0.462402
0.571521	0.941411	-0.463623
0.573463	0.941411	-0.468506
0.573463	0.941980	-0.468750
0.575405	0.941980	-0.475098
0.575405	0.943117	-0.476807
0.576699	0.943117	-0.479004
0.577994	0.943117	-0.479980
0.578641	0.943117	-0.480713
0.578641	0.943686	-0.482422
0.579288	0.943686	-0.482666
0.579288	0.944255	-0.482910
0.581877	0.944255	-0.489258
0.581877	0.944824	-0.489990
0.583819	0.944824	-0.492676
0.583819	0.946530	-0.494873
0.585113	0.946530	-0.497803
0.586408	0.946530	-0.501953
0.586408	0.947668	-0.504395
0.587055	0.947668	-0.505859
0.587055	0.948237	-0.506836
0.587702	0.948237	-0.508789
0.588997	0.948237	-0.509766
0.588997	0.948805	-0.514648
0.591586	0.948805	-0.518066
0.591586	0.949374	-0.519043
0.592233	0.949943	-0.519531
0.592233	0.950512	-0.520020
0.592880	0.951081	-0.520508
0.592880	0.951650	-0.520996
0.594175	0.951650	-0.522461
0.594175	0.952218	-0.522949
0.594822	0.952218	-0.523438
0.596764	0.952218	-0.525391
0.598058	0.952218	-0.528809
0.598706	0.952787	-0.529297
0.599353	0.952787	-0.531250
0.600000	0.953356	-0.531738
0.600000	0.953925	-0.535156
0.600647	0.953925	-0.536621
0.601942	0.953925	-0.537109
0.602589	0.953925	-0.538574
0.602589	0.954494	-0.540039
0.603883	0.954494	-0.543457
0.605178	0.954494	-0.545410
0.605178	0.955063	-0.545898
0.606472	0.955063	-0.547363
0.608414	0.955063	-0.550781
0.609061	0.955631	-0.551758
0.614239	0.955631	-0.557129
0.614239	0.956769	-0.559570
0.618123	0.956769	-0.568359
0.619417	0.956769	-0.568848
0.620712	0.956769	-0.572266
0.620712	0.957338	-0.573242
0.622006	0.957338	-0.574707
0.623948	0.957338	-0.576172
0.625243	0.957338	-0.578613
0.625243	0.957907	-0.579590
0.625890	0.957907	-0.580078
0.627184	0.957907	-0.580566
0.629126	0.957907	-0.590820
0.630421	0.957907	-0.591797
0.632362	0.957907	-0.594238
0.632362	0.958476	-0.599609
0.633657	0.958476	-0.601562
0.634304	0.959044	-0.604980
0.635599	0.959044	-0.605957
0.636893	0.959044	-0.609863
0.636893	0.960182	-0.610352
0.636893	0.960751	-0.611328
0.640129	0.960751	-0.615723
0.640129	0.961889	-0.617676
0.640129	0.962457	-0.618164
0.641424	0.962457	-0.627441
0.641424	0.963026	-0.629395
0.642718	0.963026	-0.633789
0.643366	0.963595	-0.634766
0.649191	0.963595	-0.648438
0.649838	0.964164	-0.649414
0.650485	0.964164	-0.650391
0.650485	0.964733	-0.654297
0.651780	0.964733	-0.655273
0.652427	0.964733	-0.656250
0.653074	0.965301	-0.658203
0.655016	0.965301	-0.662109
0.656311	0.965301	-0.665527
0.657605	0.965301	-0.667969
0.658252	0.965870	-0.669434
0.660194	0.965870	-0.673340
0.660194	0.966439	-0.674805
0.660841	0.966439	-0.677246
0.662136	0.966439	-0.678223
0.662783	0.966439	-0.679688
0.664078	0.967008	-0.680176
0.664078	0.967577	-0.681152
0.665372	0.967577	-0.683594
0.666667	0.967577	-0.685059
0.667314	0.967577	-0.686523
0.668608	0.967577	-0.687012
0.672492	0.967577	-0.698242
0.672492	0.968146	-0.700684
0.673786	0.968146	-0.703613
0.673786	0.968714	-0.704102
0.674434	0.969283	-0.704590
0.675081	0.969283	-0.706055
0.675081	0.969852	-0.706543
0.676375	0.969852	-0.707520
0.678964	0.969852	-0.708496
0.680259	0.969852	-0.712891
0.680259	0.970990	-0.714355
0.691262	0.970990	-0.750977
0.693851	0.970990	-0.756836
0.695146	0.970990	-0.758789
0.695146	0.971559	-0.759766
0.697735	0.971559	-0.766602
0.697735	0.972696	-0.767578
0.699029	0.972696	-0.773438
0.699029	0.973265	-0.773926
0.700324	0.973265	-0.776367
0.701618	0.973265	-0.779297
0.701618	0.973834	-0.779785
0.702913	0.973834	-0.781250
0.702913	0.974403	-0.782227
0.703560	0.974403	-0.782715
0.704854	0.974403	-0.783203
0.704854	0.974972	-0.786621
0.705502	0.974972	-0.787598
0.705502	0.975540	-0.788574
0.708738	0.975540	-0.795898
0.710032	0.975540	-0.799316
0.713916	0.975540	-0.810059
0.713916	0.976109	-0.811035
0.715858	0.976109	-0.813965
0.715858	0.976678	-0.818359
0.717799	0.976678	-0.825195
0.718447	0.977247	-0.826172
0.718447	0.977816	-0.827637
0.719741	0.977816	-0.830566
0.719741	0.978385	-0.831055
0.721036	0.978385	-0.836914
0.721683	0.978953	-0.839355
0.722330	0.978953	-0.839844
0.723625	0.979522	-0.841309
0.724919	0.979522	-0.843262
0.726861	0.979522	-0.849121
0.726861	0.980091	-0.849609
0.728155	0.980091	-0.850586
0.729450	0.980091	-0.857910
0.730744	0.980091	-0.859375
0.733333	0.980091	-0.865723
0.733333	0.980660	-0.866699
0.735922	0.980660	-0.867676
0.735922	0.981229	-0.869141
0.737864	0.981229	-0.875000
0.737864	0.982366	-0.878418
0.738511	0.982366	-0.878906
0.738511	0.983504	-0.885254
0.741100	0.983504	-0.895020
0.743689	0.983504	-0.897949
0.744337	0.983504	-0.898926
0.744984	0.984073	-0.899414
0.752104	0.984073	-0.920898
0.754693	0.984073	-0.926270
0.756634	0.984073	-0.929199
0.757282	0.984642	-0.929688
0.760518	0.984642	-0.937988
0.760518	0.985210	-0.939453
0.761812	0.985210	-0.942871
0.763107	0.985210	-0.945312
0.765696	0.985210	-0.954590
0.765696	0.985779	-0.956055
0.766343	0.986348	-0.956543
0.770227	0.986348	-0.965332
0.771521	0.986348	-0.968262
0.774110	0.986348	-0.977051
0.776699	0.986348	-0.978516
0.786408	0.986348	-1.017578
0.787702	0.986348	-1.019531
0.789644	0.986348	-1.029297
0.790291	0.986917	-1.030273
0.792233	0.986917	-1.036133
0.792233	0.987486	-1.037109
0.794822	0.987486	-1.047852
0.794822	0.988623	-1.049805
0.795469	0.988623	-1.050781
0.795469	0.989192	-1.051758
0.798706	0.989192	-1.059570
0.800000	0.989192	-1.062500
0.803883	0.989192	-1.073242
0.805178	0.989192	-1.078125
0.807120	0.989192	-1.083008
0.808414	0.989192	-1.085938
0.809061	0.989192	-1.088867
0.809061	0.989761	-1.091797
0.812945	0.989761	-1.104492
0.815534	0.989761	-1.110352
0.816828	0.989761	-1.115234
0.816828	0.990330	-1.117188
0.818123	0.990330	-1.122070
0.819417	0.990330	-1.123047
0.820065	0.990330	-1.128906
0.821359	0.990330	-1.131836
0.822654	0.990330	-1.133789
0.822654	0.990899	-1.138672
0.823948	0.990899	-1.140625
0.824595	0.990899	-1.141602
0.825890	0.991468	-1.142578
0.827832	0.991468	-1.147461
0.829126	0.991468	-1.149414
0.830421	0.991468	-1.152344
0.831715	0.991468	-1.154297
0.840129	0.991468	-1.176758
0.841424	0.991468	-1.179688
0.843366	0.992036	-1.189453
0.845955	0.992036	-1.191406
0.851133	0.992036	-1.205078
0.851133	0.992605	-1.211914
0.852427	0.992605	-1.219727
0.853722	0.992605	-1.223633
0.855663	0.992605	-1.232422
0.856958	0.992605	-1.233398
0.859547	0.992605	-1.240234
0.860841	0.992605	-1.242188
0.861489	0.993174	-1.244141
0.863430	0.993174	-1.253906
0.864725	0.993174	-1.258789
0.871197	0.993174	-1.306641
0.873139	0.993174	-1.309570
0.874434	0.993174	-1.315430
0.874434	0.993743	-1.316406
0.875728	0.993743	-1.319336
0.877023	0.993743	-1.327148
0.878317	0.993743	-1.328125
0.880259	0.993743	-1.333008
0.882848	0.993743	-1.333984
0.884142	0.993743	-1.337891
0.884142	0.994881	-1.341797
0.891262	0.994881	-1.367188
0.892557	0.994881	-1.373047
0.896440	0.994881	-1.398438
0.897087	0.995449	-1.401367
0.897735	0.995449	-1.405273
0.900324	0.995449	-1.413086
0.900971	0.995449	-1.414062
0.902265	0.995449	-1.415039
0.904207	0.995449	-1.420898
0.905502	0.995449	-1.422852
0.907443	0.995449	-1.425781
0.908738	0.995449	-1.429688
0.909385	0.995449	-1.431641
0.910680	0.995449	-1.432617
0.910680	0.996018	-1.435547
0.911974	0.996018	-1.442383
0.913269	0.996018	-1.443359
0.914563	0.996018	-1.451172
0.914563	0.996587	-1.455078
0.916505	0.996587	-1.459961
0.916505	0.997156	-1.460938
0.917152	0.997156	-1.462891
0.918447	0.997156	-1.467773
0.922330	0.997156	-1.481445
0.924919	0.997156	-1.490234
0.924919	0.997725	-1.493164
0.926214	0.997725	-1.497070
0.926861	0.997725	-1.499023
0.928155	0.997725	-1.500000
0.933333	0.997725	-1.524414
0.934628	0.997725	-1.528320
0.936570	0.997725	-1.536133
0.938511	0.997725	-1.537109
0.943042	0.997725	-1.569336
0.944337	0.997725	-1.572266
0.945631	0.997725	-1.577148
0.946926	0.997725	-1.582031
0.948220	0.997725	-1.585938
0.949515	0.997725	-1.587891
0.949515	0.998294	-1.588867
0.950809	0.998294	-1.596680
0.952104	0.998294	-1.599609
0.957282	0.998294	-1.634766
0.958576	0.998294	-1.641602
0.958576	0.998862	-1.643555
0.961165	0.998862	-1.653320
0.963107	0.998862	-1.655273
0.965696	0.998862	-1.665039
0.966343	0.999431	-1.666016
0.967638	0.999431	-1.669922
0.969579	0.999431	-1.672852
0.972168	0.999431	-1.678711
0.974757	0.999431	-1.689453
0.975405	0.999431	-1.693359
0.977346	0.999431	-1.705078
0.978641	0.999431	-1.706055
0.981230	0.999431	-1.721680
0.985113	0.999431	-1.727539
0.985761	0.999431	-1.728516
0.987055	0.999431	-1.729492
0.990291	0.999431	-1.747070
0.991586	0.999431	-1.752930
0.992233	0.999431	-1.753906
0.994175	0.999431	-1.754883
0.996764	0.999431	-1.767578
0.998058	0.999431	-1.771484
1.000000	0.999431	-1.796875
1.000000	1.000000	-1.802734
