FPR	TPR	THR
0.000000	0.000000	-1.870117
0.000000	0.000683	-1.769531
0.000000	0.015700	-1.740234
0.000000	0.018430	-1.738281
0.000820	0.018430	-1.734375
0.000820	0.019795	-1.733398
0.000820	0.023208	-1.721680
0.000820	0.024573	-1.715820
0.000820	0.038225	-1.708008
0.000820	0.039590	-1.705078
0.000820	0.040273	-1.701172
0.000820	0.041638	-1.689453
0.000820	0.042321	-1.686523
0.000820	0.043686	-1.685547
0.001641	0.043686	-1.678711
0.001641	0.045051	-1.676758
0.001641	0.046416	-1.670898
0.001641	0.047782	-1.667969
0.001641	0.048464	-1.659180
0.002461	0.048464	-1.652344
0.002461	0.050512	-1.647461
0.002461	0.051877	-1.645508
0.002461	0.054608	-1.637695
0.002461	0.055973	-1.636719
0.002461	0.058020	-1.630859
0.002461	0.059386	-1.626953
0.002461	0.060068	-1.625000
0.003281	0.060751	-1.622070
0.003281	0.062799	-1.621094
0.003281	0.063481	-1.620117
0.004102	0.064164	-1.617188
0.004102	0.065529	-1.611328
0.004102	0.066894	-1.604492
0.004102	0.068942	-1.601562
0.004102	0.070307	-1.600586
0.004922	0.070307	-1.599609
0.004922	0.072355	-1.591797
0.006563	0.072355	-1.589844
0.006563	0.073038	-1.587891
0.006563	0.074403	-1.586914
0.007383	0.074403	-1.585938
0.007383	0.075768	-1.581055
0.008203	0.076451	-1.579102
0.008203	0.077133	-1.575195
0.008203	0.079863	-1.560547
0.008203	0.080546	-1.557617
0.008203	0.081911	-1.549805
0.008203	0.082594	-1.548828
0.009024	0.083276	-1.545898
0.009024	0.084642	-1.544922
0.009844	0.085324	-1.542969
0.009844	0.087372	-1.540039
0.010664	0.087372	-1.539062
0.010664	0.088055	-1.537109
0.010664	0.089420	-1.536133
0.010664	0.090102	-1.534180
0.011485	0.090785	-1.532227
0.011485	0.092833	-1.523438
0.011485	0.094198	-1.520508
0.011485	0.096928	-1.517578
0.011485	0.098976	-1.513672
0.011485	0.099659	-1.512695
0.011485	0.102389	-1.511719
0.012305	0.105119	-1.510742
0.012305	0.107850	-1.506836
0.012305	0.109215	-1.503906
0.012305	0.110580	-1.502930
0.012305	0.114676	-1.501953
0.012305	0.116041	-1.497070
0.012305	0.116724	-1.496094
0.012305	0.118771	-1.494141
0.012305	0.120137	-1.493164
0.013126	0.120137	-1.492188
0.013126	0.121502	-1.487305
0.013946	0.121502	-1.482422
0.013946	0.123549	-1.479492
0.013946	0.124915	-1.478516
0.013946	0.126962	-1.470703
0.013946	0.128328	-1.466797
0.013946	0.130375	-1.463867
0.013946	0.131741	-1.461914
0.013946	0.133106	-1.458984
0.014766	0.133788	-1.454102
0.014766	0.135154	-1.449219
0.014766	0.135836	-1.446289
0.015587	0.136519	-1.444336
0.016407	0.137884	-1.443359
0.016407	0.138567	-1.442383
0.016407	0.140614	-1.441406
0.016407	0.141297	-1.439453
0.016407	0.142662	-1.434570
0.016407	0.144027	-1.433594
0.017227	0.144710	-1.432617
0.018048	0.146758	-1.431641
0.018048	0.148805	-1.427734
0.018048	0.151536	-1.417969
0.018048	0.153584	-1.413086
0.018048	0.154266	-1.411133
0.018048	0.156314	-1.410156
0.018048	0.156997	-1.408203
0.018868	0.159044	-1.406250
0.018868	0.164505	-1.396484
0.018868	0.165870	-1.392578
0.018868	0.167235	-1.391602
0.018868	0.168601	-1.390625
0.019688	0.168601	-1.384766
0.019688	0.169966	-1.381836
0.020509	0.171331	-1.380859
0.021329	0.172014	-1.379883
0.021329	0.172696	-1.375977
0.021329	0.174061	-1.375000
0.021329	0.177474	-1.374023
0.021329	0.179522	-1.373047
0.021329	0.180887	-1.372070
0.021329	0.182253	-1.369141
0.021329	0.182935	-1.367188
0.022149	0.184300	-1.365234
0.022149	0.185666	-1.360352
0.022970	0.187031	-1.358398
0.022970	0.188396	-1.352539
0.022970	0.189761	-1.350586
0.023790	0.190444	-1.349609
0.023790	0.193174	-1.346680
0.024610	0.193857	-1.345703
0.024610	0.195222	-1.343750
0.025431	0.195222	-1.342773
0.025431	0.197952	-1.340820
0.025431	0.199317	-1.334961
0.026251	0.199317	-1.333984
0.027071	0.200000	-1.328125
0.027071	0.201365	-1.327148
0.027071	0.202730	-1.326172
0.027071	0.204778	-1.325195
0.027071	0.206826	-1.324219
0.028712	0.207509	-1.320312
0.028712	0.209556	-1.317383
0.028712	0.212287	-1.316406
0.029532	0.213652	-1.315430
0.030353	0.214334	-1.314453
0.030353	0.216382	-1.311523
0.030353	0.217747	-1.310547
0.030353	0.218430	-1.309570
0.031173	0.219113	-1.304688
0.031173	0.220478	-1.302734
0.031173	0.223208	-1.300781
0.031173	0.225939	-1.298828
0.031173	0.227986	-1.297852
0.031173	0.228669	-1.296875
0.031173	0.230034	-1.291992
0.031173	0.230717	-1.290039
0.031173	0.232082	-1.288086
0.031173	0.232765	-1.287109
0.031173	0.234130	-1.286133
0.031993	0.234130	-1.282227
0.031993	0.236177	-1.279297
0.031993	0.237543	-1.276367
0.031993	0.239590	-1.272461
0.031993	0.241638	-1.271484
0.032814	0.242321	-1.270508
0.033634	0.244369	-1.269531
0.033634	0.247099	-1.267578
0.033634	0.248464	-1.265625
0.033634	0.250512	-1.262695
0.033634	0.251877	-1.258789
0.033634	0.252560	-1.257812
0.033634	0.253925	-1.255859
0.034454	0.255973	-1.254883
0.034454	0.258703	-1.253906
0.034454	0.260068	-1.251953
0.034454	0.262799	-1.250977
0.034454	0.264164	-1.248047
0.035275	0.264846	-1.242188
0.035275	0.266894	-1.239258
0.035275	0.268259	-1.238281
0.035275	0.272355	-1.237305
0.036916	0.272355	-1.235352
0.036916	0.273720	-1.234375
0.037736	0.274403	-1.233398
0.037736	0.276451	-1.231445
0.038556	0.276451	-1.227539
0.039377	0.277133	-1.224609
0.041017	0.277133	-1.223633
0.041017	0.277816	-1.217773
0.041017	0.279181	-1.213867
0.041017	0.281229	-1.211914
0.041838	0.281911	-1.207031
0.041838	0.283276	-1.205078
0.041838	0.284642	-1.201172
0.041838	0.286007	-1.198242
0.042658	0.286007	-1.196289
0.042658	0.286689	-1.195312
0.042658	0.288737	-1.193359
0.042658	0.290102	-1.192383
0.042658	0.292833	-1.191406
0.042658	0.294198	-1.189453
0.043478	0.294198	-1.188477
0.043478	0.296246	-1.187500
0.044299	0.298294	-1.181641
0.045119	0.298294	-1.178711
0.045119	0.301024	-1.177734
0.045939	0.301706	-1.174805
0.045939	0.302389	-1.173828
0.046760	0.302389	-1.172852
0.046760	0.303754	-1.170898
0.046760	0.305119	-1.169922
0.046760	0.306485	-1.168945
0.046760	0.307167	-1.166992
0.046760	0.308532	-1.164062
0.047580	0.309215	-1.161133
0.047580	0.310580	-1.160156
0.048400	0.311263	-1.159180
0.048400	0.313311	-1.158203
0.050041	0.313993	-1.150391
0.050041	0.314676	-1.149414
0.050041	0.316041	-1.146484
0.050861	0.316724	-1.142578
0.050861	0.317406	-1.141602
0.051682	0.317406	-1.140625
0.051682	0.318771	-1.138672
0.052502	0.319454	-1.136719
0.053322	0.319454	-1.135742
0.053322	0.320819	-1.132812
0.053322	0.322184	-1.131836
0.053322	0.323549	-1.130859
0.054143	0.323549	-1.128906
0.054143	0.324232	-1.125977
0.054143	0.328328	-1.124023
0.054143	0.329693	-1.122070
0.054143	0.331058	-1.121094
0.055783	0.332423	-1.117188
0.055783	0.333106	-1.114258
0.056604	0.333106	-1.113281
0.056604	0.334471	-1.111328
0.056604	0.335836	-1.108398
0.056604	0.337201	-1.107422
0.057424	0.337884	-1.106445
0.057424	0.338567	-1.104492
0.057424	0.339932	-1.101562
0.057424	0.340614	-1.100586
0.058244	0.340614	-1.099609
0.058244	0.341297	-1.098633
0.059885	0.341297	-1.095703
0.059885	0.342662	-1.091797
0.059885	0.344710	-1.090820
0.059885	0.346075	-1.086914
0.059885	0.346758	-1.083984
0.059885	0.348123	-1.082031
0.060705	0.349488	-1.079102
0.060705	0.352901	-1.078125
0.061526	0.353584	-1.077148
0.061526	0.356314	-1.075195
0.062346	0.356314	-1.074219
0.062346	0.358362	-1.070312
0.063167	0.359044	-1.069336
0.063167	0.359727	-1.067383
0.063167	0.361092	-1.064453
0.063167	0.362457	-1.063477
0.063987	0.363140	-1.060547
0.064807	0.363140	-1.059570
0.064807	0.364505	-1.057617
0.065628	0.364505	-1.056641
0.065628	0.365188	-1.054688
0.065628	0.366553	-1.052734
0.065628	0.367918	-1.051758
0.065628	0.369283	-1.050781
0.065628	0.370648	-1.049805
0.066448	0.370648	-1.048828
0.066448	0.373379	-1.047852
0.067268	0.373379	-1.046875
0.067268	0.374061	-1.044922
0.068089	0.374061	-1.043945
0.068909	0.374744	-1.042969
0.068909	0.380205	-1.039062
0.069729	0.380887	-1.034180
0.069729	0.381570	-1.033203
0.070550	0.381570	-1.032227
0.070550	0.383618	-1.030273
0.070550	0.387031	-1.020508
0.071370	0.387713	-1.019531
0.071370	0.388396	-1.016602
0.072190	0.390444	-1.015625
0.072190	0.391126	-1.014648
0.073011	0.391126	-1.011719
0.073011	0.395222	-1.010742
0.073831	0.395222	-1.009766
0.073831	0.397270	-1.008789
0.074651	0.397270	-1.007812
0.074651	0.397952	-1.006836
0.075472	0.398635	-1.005859
0.077933	0.398635	-1.002930
0.078753	0.399317	-1.000977
0.078753	0.400000	-1.000000
0.078753	0.401365	-0.997070
0.078753	0.402730	-0.989746
0.078753	0.404096	-0.988281
0.078753	0.410922	-0.986328
0.078753	0.412287	-0.983887
0.078753	0.413652	-0.982910
0.078753	0.415017	-0.980469
0.078753	0.418430	-0.979004
0.079573	0.418430	-0.977051
0.079573	0.419795	-0.967773
0.080394	0.419795	-0.966309
0.080394	0.423208	-0.965820
0.080394	0.424573	-0.965332
0.081214	0.424573	-0.964844
0.081214	0.426621	-0.960449
0.082034	0.426621	-0.959473
0.082034	0.428669	-0.957520
0.082034	0.430034	-0.956543
0.082034	0.430717	-0.956055
0.082034	0.432082	-0.955566
0.082034	0.432765	-0.955078
0.083675	0.432765	-0.954102
0.083675	0.434130	-0.953613
0.083675	0.435495	-0.953125
0.083675	0.436860	-0.951660
0.083675	0.437543	-0.950195
0.083675	0.440273	-0.949707
0.083675	0.445734	-0.947754
0.085316	0.445734	-0.947266
0.085316	0.446416	-0.945312
0.086136	0.447782	-0.941895
0.086957	0.447782	-0.940918
0.086957	0.449147	-0.938965
0.086957	0.449829	-0.932617
0.089418	0.449829	-0.932129
0.089418	0.451195	-0.931152
0.089418	0.451877	-0.929688
0.089418	0.453242	-0.928223
0.090238	0.453242	-0.925293
0.090238	0.453925	-0.924805
0.091058	0.455290	-0.920410
0.091879	0.455290	-0.917480
0.091879	0.455973	-0.916016
0.091879	0.457338	-0.913574
0.092699	0.457338	-0.913086
0.093519	0.458020	-0.912598
0.094340	0.458020	-0.910645
0.094340	0.459386	-0.906250
0.094340	0.460751	-0.904297
0.094340	0.462116	-0.903809
0.094340	0.463481	-0.903320
0.094340	0.464846	-0.897461
0.095160	0.464846	-0.895996
0.095160	0.466212	-0.894043
0.095160	0.467577	-0.892578
0.096801	0.467577	-0.890625
0.096801	0.468259	-0.886230
0.096801	0.469625	-0.884766
0.097621	0.470307	-0.882812
0.097621	0.470990	-0.882324
0.097621	0.472355	-0.881836
0.097621	0.473720	-0.880371
0.097621	0.475085	-0.875000
0.099262	0.475085	-0.874512
0.099262	0.476451	-0.873535
0.099262	0.479863	-0.871582
0.100082	0.479863	-0.871094
0.100082	0.481911	-0.869629
0.100902	0.481911	-0.867188
0.100902	0.483959	-0.866699
0.100902	0.485324	-0.865723
0.101723	0.486007	-0.865234
0.103363	0.486007	-0.864746
0.103363	0.488055	-0.863281
0.104184	0.488055	-0.862305
0.104184	0.488737	-0.859863
0.104184	0.490785	-0.857910
0.105004	0.490785	-0.856445
0.106645	0.490785	-0.855957
0.106645	0.493515	-0.851074
0.107465	0.494198	-0.850586
0.107465	0.494881	-0.849609
0.109106	0.496246	-0.849121
0.109106	0.497611	-0.847168
0.109926	0.497611	-0.842285
0.109926	0.498976	-0.841309
0.109926	0.500341	-0.840820
0.109926	0.501706	-0.838379
0.110747	0.501706	-0.835938
0.110747	0.502389	-0.835449
0.110747	0.503754	-0.833984
0.110747	0.505119	-0.833008
0.111567	0.505119	-0.828613
0.111567	0.506485	-0.828125
0.111567	0.507167	-0.827148
0.112387	0.507850	-0.826660
0.112387	0.508532	-0.824707
0.113208	0.508532	-0.822754
0.113208	0.509898	-0.821777
0.113208	0.511263	-0.812988
0.114028	0.511945	-0.809570
0.114028	0.512628	-0.806152
0.116489	0.512628	-0.804688
0.116489	0.513993	-0.801758
0.116489	0.515358	-0.799805
0.117309	0.516724	-0.797852
0.117309	0.520819	-0.797363
0.117309	0.523549	-0.790527
0.118130	0.523549	-0.789062
0.118130	0.524915	-0.785645
0.119770	0.524915	-0.782227
0.119770	0.525597	-0.780273
0.120591	0.525597	-0.779785
0.120591	0.526280	-0.779297
0.121411	0.527645	-0.778809
0.121411	0.531741	-0.776855
0.121411	0.533106	-0.769531
0.123052	0.533106	-0.769043
0.123052	0.533788	-0.767090
0.123872	0.533788	-0.765625
0.123872	0.534471	-0.763184
0.123872	0.535836	-0.762207
0.124692	0.535836	-0.761230
0.125513	0.536519	-0.757324
0.126333	0.536519	-0.753906
0.126333	0.537201	-0.753418
0.126333	0.538567	-0.749512
0.127153	0.538567	-0.747070
0.128794	0.538567	-0.744141
0.128794	0.539932	-0.742188
0.128794	0.541297	-0.740234
0.128794	0.544710	-0.739258
0.129614	0.545392	-0.738770
0.129614	0.546758	-0.738281
0.130435	0.548123	-0.736328
0.132075	0.548123	-0.733887
0.132075	0.549488	-0.731445
0.132075	0.551536	-0.726074
0.132896	0.551536	-0.725098
0.132896	0.552901	-0.724121
0.132896	0.553584	-0.723633
0.134537	0.553584	-0.720215
0.134537	0.554949	-0.718750
0.135357	0.554949	-0.714355
0.135357	0.555631	-0.713867
0.136177	0.555631	-0.712891
0.136177	0.559727	-0.711914
0.136998	0.559727	-0.706055
0.136998	0.562457	-0.705566
0.138638	0.562457	-0.700195
0.138638	0.564505	-0.699707
0.140279	0.565188	-0.697266
0.140279	0.566553	-0.696289
0.141920	0.566553	-0.695801
0.141920	0.569966	-0.695312
0.143560	0.571331	-0.691406
0.143560	0.572014	-0.690918
0.144381	0.572014	-0.690430
0.144381	0.573379	-0.689453
0.145201	0.574061	-0.686523
0.145201	0.577474	-0.684570
0.146021	0.577474	-0.679688
0.146021	0.578157	-0.678223
0.146842	0.578157	-0.675781
0.146842	0.580887	-0.674316
0.147662	0.581570	-0.673828
0.147662	0.582253	-0.673340
0.149303	0.582253	-0.671875
0.149303	0.582935	-0.670898
0.151764	0.582935	-0.669922
0.151764	0.586348	-0.667480
0.152584	0.586348	-0.665527
0.152584	0.587031	-0.664551
0.154225	0.587031	-0.663086
0.154225	0.588396	-0.659668
0.155045	0.588396	-0.659180
0.155045	0.589761	-0.657715
0.155865	0.591126	-0.655762
0.155865	0.594539	-0.655273
0.156686	0.594539	-0.654785
0.157506	0.595222	-0.652832
0.157506	0.596587	-0.650879
0.159147	0.596587	-0.649414
0.159147	0.597270	-0.646973
0.160788	0.597270	-0.645508
0.160788	0.599317	-0.645020
0.161608	0.599317	-0.642578
0.161608	0.600683	-0.641113
0.161608	0.601365	-0.640625
0.162428	0.601365	-0.636719
0.162428	0.602048	-0.635742
0.164069	0.602048	-0.634277
0.164069	0.603413	-0.630371
0.164889	0.603413	-0.627930
0.164889	0.605461	-0.626953
0.165710	0.606143	-0.626465
0.165710	0.607509	-0.625977
0.166530	0.607509	-0.624023
0.168171	0.608874	-0.623047
0.168171	0.610922	-0.622070
0.168171	0.612287	-0.618652
0.168991	0.612287	-0.618164
0.168991	0.612969	-0.617188
0.169811	0.613652	-0.615723
0.169811	0.615017	-0.615234
0.169811	0.615700	-0.613281
0.171452	0.615700	-0.610840
0.171452	0.617747	-0.608398
0.172272	0.617747	-0.607422
0.172272	0.618430	-0.605957
0.173913	0.618430	-0.604980
0.173913	0.619795	-0.604492
0.174733	0.619795	-0.603516
0.174733	0.621160	-0.600098
0.175554	0.621160	-0.599121
0.175554	0.623891	-0.597656
0.177194	0.623891	-0.596680
0.177194	0.629352	-0.595703
0.180476	0.629352	-0.594727
0.180476	0.630717	-0.594238
0.181296	0.630717	-0.593750
0.181296	0.631399	-0.592773
0.182937	0.631399	-0.592285
0.182937	0.635495	-0.591309
0.183757	0.636860	-0.584473
0.184578	0.636860	-0.582520
0.184578	0.640273	-0.581543
0.186218	0.640273	-0.578613
0.186218	0.643686	-0.575684
0.187859	0.643686	-0.574707
0.187859	0.645734	-0.574219
0.189500	0.645734	-0.573730
0.189500	0.646416	-0.572754
0.191961	0.646416	-0.570801
0.191961	0.647782	-0.569824
0.191961	0.649147	-0.568359
0.195242	0.649147	-0.567871
0.195242	0.650512	-0.564453
0.196062	0.650512	-0.563965
0.196062	0.653242	-0.563477
0.199344	0.653242	-0.562012
0.199344	0.655973	-0.561035
0.200164	0.656655	-0.559082
0.200984	0.656655	-0.558594
0.200984	0.659386	-0.558105
0.200984	0.660751	-0.557129
0.200984	0.662116	-0.556152
0.201805	0.662799	-0.555664
0.201805	0.668942	-0.553711
0.202625	0.668942	-0.551270
0.202625	0.669625	-0.550781
0.203445	0.669625	-0.547363
0.203445	0.670307	-0.546875
0.204266	0.670307	-0.546387
0.204266	0.670990	-0.544922
0.204266	0.672355	-0.544434
0.205086	0.672355	-0.541016
0.205086	0.673038	-0.540527
0.205906	0.673720	-0.540039
0.205906	0.676451	-0.538574
0.206727	0.676451	-0.534668
0.206727	0.678498	-0.533691
0.207547	0.678498	-0.531250
0.207547	0.679863	-0.530762
0.209188	0.679863	-0.527832
0.209188	0.682594	-0.526855
0.209188	0.683959	-0.524902
0.209188	0.684642	-0.523926
0.210008	0.685324	-0.521973
0.210008	0.686689	-0.520020
0.210008	0.689420	-0.519531
0.210008	0.690785	-0.517090
0.210829	0.690785	-0.516602
0.210829	0.691468	-0.514160
0.211649	0.691468	-0.512695
0.212469	0.692150	-0.511719
0.212469	0.692833	-0.508301
0.213290	0.692833	-0.507812
0.213290	0.694198	-0.506836
0.214110	0.694198	-0.504883
0.214110	0.694881	-0.503418
0.214930	0.694881	-0.502441
0.214930	0.696246	-0.500977
0.215751	0.696246	-0.498291
0.215751	0.697611	-0.498047
0.217391	0.697611	-0.497070
0.217391	0.698294	-0.495850
0.219032	0.698294	-0.494629
0.219032	0.698976	-0.492432
0.219852	0.699659	-0.492188
0.222313	0.699659	-0.491455
0.223134	0.700341	-0.491211
0.223134	0.706485	-0.490234
0.223954	0.706485	-0.489502
0.223954	0.707167	-0.486328
0.224774	0.707167	-0.485352
0.224774	0.709215	-0.484863
0.225595	0.709215	-0.484619
0.225595	0.709898	-0.480957
0.228056	0.709898	-0.480713
0.228056	0.711945	-0.480225
0.229696	0.711945	-0.478760
0.229696	0.713993	-0.477783
0.230517	0.713993	-0.476807
0.230517	0.714676	-0.476562
0.234619	0.714676	-0.476074
0.234619	0.716041	-0.475586
0.234619	0.718771	-0.473389
0.236259	0.718771	-0.472168
0.236259	0.720137	-0.471924
0.236259	0.721502	-0.471191
0.237080	0.721502	-0.468506
0.237080	0.724232	-0.464844
0.241181	0.724232	-0.464111
0.241181	0.729010	-0.463135
0.242002	0.729010	-0.460449
0.242002	0.731058	-0.459961
0.242822	0.731058	-0.457275
0.242822	0.731741	-0.456787
0.243642	0.731741	-0.456299
0.243642	0.733788	-0.450928
0.244463	0.733788	-0.450684
0.245283	0.734471	-0.450439
0.245283	0.735836	-0.450195
0.246103	0.735836	-0.446533
0.246103	0.736519	-0.445801
0.246924	0.736519	-0.445068
0.248564	0.736519	-0.443115
0.251846	0.736519	-0.442139
0.251846	0.737201	-0.441895
0.252666	0.737201	-0.440430
0.252666	0.737884	-0.438477
0.253486	0.737884	-0.434814
0.253486	0.739249	-0.433594
0.255127	0.739249	-0.430664
0.255127	0.741297	-0.429443
0.255947	0.741297	-0.428955
0.255947	0.742662	-0.427734
0.259229	0.742662	-0.427246
0.259229	0.743345	-0.426514
0.260049	0.743345	-0.425537
0.260049	0.745392	-0.424805
0.260870	0.745392	-0.424561
0.260870	0.746075	-0.424316
0.261690	0.746075	-0.420410
0.262510	0.746758	-0.419922
0.262510	0.748123	-0.417480
0.265792	0.748123	-0.416504
0.265792	0.748805	-0.414551
0.268253	0.748805	-0.413818
0.268253	0.749488	-0.413086
0.269073	0.749488	-0.411133
0.269073	0.751536	-0.409912
0.270714	0.751536	-0.408203
0.270714	0.752218	-0.405762
0.271534	0.752218	-0.405029
0.271534	0.752901	-0.403076
0.273175	0.752901	-0.401855
0.273175	0.753584	-0.401611
0.274815	0.753584	-0.400635
0.275636	0.754266	-0.399902
0.275636	0.754949	-0.397705
0.277276	0.754949	-0.395508
0.277276	0.755631	-0.395020
0.278097	0.755631	-0.394531
0.278097	0.756997	-0.393066
0.279737	0.756997	-0.392578
0.279737	0.762457	-0.391113
0.281378	0.762457	-0.389893
0.281378	0.765188	-0.389648
0.286300	0.765188	-0.387939
0.286300	0.765870	-0.384033
0.287121	0.765870	-0.383301
0.287121	0.767235	-0.383057
0.288761	0.767235	-0.382812
0.288761	0.767918	-0.382568
0.290402	0.767918	-0.380615
0.290402	0.768601	-0.380371
0.291222	0.768601	-0.377441
0.291222	0.771331	-0.375977
0.292043	0.771331	-0.373047
0.292043	0.772696	-0.372070
0.293683	0.772696	-0.371826
0.293683	0.774744	-0.371094
0.293683	0.776109	-0.370361
0.296965	0.776109	-0.368164
0.296965	0.777474	-0.366211
0.299426	0.777474	-0.365234
0.299426	0.780205	-0.364990
0.301066	0.780205	-0.364014
0.301066	0.780887	-0.362793
0.302707	0.780887	-0.362061
0.304348	0.780887	-0.361328
0.304348	0.782253	-0.360596
0.305168	0.782253	-0.359131
0.305168	0.783618	-0.358887
0.306809	0.783618	-0.357910
0.306809	0.784300	-0.356934
0.308450	0.784300	-0.356445
0.308450	0.785666	-0.354980
0.309270	0.785666	-0.354736
0.309270	0.787713	-0.354492
0.310090	0.787713	-0.354004
0.310090	0.788396	-0.352539
0.310911	0.788396	-0.351562
0.310911	0.789078	-0.351318
0.313372	0.789078	-0.349121
0.313372	0.792491	-0.348877
0.316653	0.792491	-0.348633
0.316653	0.795222	-0.348389
0.318294	0.795222	-0.348145
0.318294	0.797270	-0.346924
0.321575	0.797270	-0.345459
0.321575	0.798635	-0.342285
0.322395	0.798635	-0.337891
0.322395	0.799317	-0.337402
0.326497	0.799317	-0.335938
0.326497	0.801365	-0.334961
0.328138	0.801365	-0.333984
0.328138	0.803413	-0.333252
0.331419	0.803413	-0.333008
0.331419	0.804778	-0.332764
0.332240	0.804778	-0.332520
0.332240	0.805461	-0.330811
0.337162	0.805461	-0.329834
0.337162	0.806143	-0.328125
0.337982	0.806143	-0.327881
0.337982	0.808874	-0.326904
0.338802	0.808874	-0.326416
0.338802	0.809556	-0.326172
0.339623	0.809556	-0.324951
0.339623	0.810239	-0.323730
0.341263	0.810239	-0.322998
0.341263	0.812969	-0.322754
0.342084	0.812969	-0.322021
0.342084	0.813652	-0.321777
0.342904	0.813652	-0.319824
0.342904	0.816382	-0.318848
0.343724	0.817065	-0.316650
0.344545	0.817065	-0.312744
0.344545	0.819113	-0.312500
0.345365	0.819113	-0.311523
0.345365	0.820478	-0.310547
0.346185	0.820478	-0.309326
0.346185	0.821843	-0.306152
0.347006	0.821843	-0.305176
0.347006	0.823891	-0.304932
0.347826	0.823891	-0.302734
0.347826	0.825256	-0.302490
0.348646	0.825256	-0.301758
0.348646	0.827304	-0.300537
0.351107	0.827304	-0.300293
0.351107	0.828669	-0.298584
0.351928	0.829352	-0.298096
0.351928	0.830034	-0.297363
0.352748	0.830034	-0.293945
0.352748	0.830717	-0.293701
0.353568	0.830717	-0.292969
0.353568	0.834130	-0.291992
0.354389	0.834130	-0.291504
0.354389	0.834812	-0.290527
0.355209	0.834812	-0.288330
0.355209	0.835495	-0.288086
0.356850	0.835495	-0.287354
0.357670	0.836177	-0.286133
0.357670	0.836860	-0.285889
0.362592	0.836860	-0.285156
0.362592	0.837543	-0.283936
0.364233	0.837543	-0.283447
0.365874	0.837543	-0.283203
0.369155	0.837543	-0.282471
0.369155	0.840273	-0.281006
0.369975	0.840273	-0.278809
0.369975	0.840956	-0.278564
0.371616	0.840956	-0.277344
0.371616	0.841638	-0.276367
0.373257	0.841638	-0.273682
0.373257	0.843003	-0.273438
0.374897	0.843003	-0.272217
0.374897	0.843686	-0.271240
0.375718	0.843686	-0.270508
0.375718	0.844369	-0.270020
0.376538	0.844369	-0.268799
0.376538	0.845051	-0.268311
0.377358	0.845051	-0.268066
0.377358	0.845734	-0.266602
0.378179	0.845734	-0.265625
0.379820	0.845734	-0.264404
0.380640	0.846416	-0.263916
0.385562	0.846416	-0.261719
0.385562	0.847099	-0.259521
0.387203	0.847099	-0.257812
0.389664	0.847099	-0.257324
0.389664	0.847782	-0.253906
0.390484	0.847782	-0.252197
0.390484	0.848464	-0.250732
0.391304	0.848464	-0.250000
0.391304	0.849147	-0.249146
0.392125	0.849147	-0.246826
0.392125	0.849829	-0.246094
0.393765	0.849829	-0.245361
0.393765	0.851195	-0.243042
0.399508	0.851195	-0.242432
0.399508	0.851877	-0.241455
0.401148	0.851877	-0.240967
0.401148	0.852560	-0.240356
0.406071	0.852560	-0.238892
0.406071	0.853925	-0.238159
0.407711	0.853925	-0.235962
0.407711	0.854608	-0.235840
0.409352	0.854608	-0.235474
0.409352	0.855290	-0.234253
0.410172	0.855290	-0.233521
0.410993	0.855973	-0.232422
0.411813	0.855973	-0.231323
0.411813	0.856655	-0.230957
0.414274	0.856655	-0.230591
0.414274	0.857338	-0.230347
0.415094	0.857338	-0.230225
0.415094	0.858703	-0.229370
0.418376	0.858703	-0.228394
0.420016	0.858703	-0.227661
0.420016	0.860068	-0.226807
0.421657	0.860068	-0.225220
0.421657	0.861433	-0.224731
0.423298	0.861433	-0.221558
0.424118	0.862116	-0.220093
0.426579	0.862116	-0.219971
0.426579	0.863481	-0.219360
0.427400	0.863481	-0.218872
0.427400	0.864164	-0.218018
0.431501	0.864164	-0.217651
0.431501	0.864846	-0.217163
0.432322	0.864846	-0.216797
0.432322	0.865529	-0.216309
0.433142	0.866212	-0.215088
0.433962	0.866212	-0.211182
0.433962	0.866894	-0.209595
0.434783	0.866894	-0.208984
0.435603	0.867577	-0.207886
0.436423	0.867577	-0.207764
0.436423	0.868942	-0.202026
0.437244	0.868942	-0.200439
0.437244	0.870307	-0.198853
0.438064	0.870307	-0.198730
0.438884	0.870990	-0.198486
0.438884	0.871672	-0.197754
0.445447	0.871672	-0.197632
0.445447	0.872355	-0.197510
0.447908	0.872355	-0.194702
0.448728	0.873038	-0.194336
0.449549	0.873038	-0.194092
0.449549	0.874403	-0.192139
0.450369	0.874403	-0.190674
0.450369	0.876451	-0.188843
0.456932	0.876451	-0.188599
0.456932	0.877816	-0.186401
0.456932	0.879181	-0.185913
0.456932	0.880546	-0.185669
0.459393	0.880546	-0.184937
0.461034	0.880546	-0.184692
0.461034	0.882594	-0.182617
0.462674	0.882594	-0.182373
0.462674	0.883276	-0.182007
0.463495	0.883276	-0.177002
0.463495	0.884642	-0.176636
0.463495	0.886007	-0.176270
0.465135	0.886007	-0.173218
0.465135	0.886689	-0.172119
0.468417	0.886689	-0.171509
0.468417	0.887372	-0.171265
0.469237	0.887372	-0.169556
0.469237	0.889420	-0.168091
0.470878	0.889420	-0.165894
0.471698	0.890102	-0.162720
0.478261	0.890102	-0.162231
0.478261	0.890785	-0.161865
0.479902	0.890785	-0.161621
0.480722	0.891468	-0.161377
0.480722	0.893515	-0.160522
0.480722	0.894881	-0.160400
0.480722	0.895563	-0.159912
0.481542	0.895563	-0.157959
0.481542	0.896928	-0.157349
0.482363	0.896928	-0.155151
0.482363	0.899659	-0.153931
0.484003	0.899659	-0.153442
0.484003	0.900341	-0.151245
0.488105	0.900341	-0.149048
0.488105	0.903072	-0.147827
0.488925	0.903072	-0.146362
0.488925	0.905119	-0.144409
0.493847	0.905119	-0.144287
0.493847	0.907167	-0.143677
0.495488	0.907167	-0.141724
0.495488	0.907850	-0.140259
0.497949	0.907850	-0.139160
0.499590	0.907850	-0.138062
0.502051	0.907850	-0.137207
0.502051	0.908532	-0.136230
0.504512	0.908532	-0.131104
0.504512	0.910580	-0.130371
0.505332	0.910580	-0.128662
0.505332	0.911945	-0.127197
0.506153	0.912628	-0.126587
0.514356	0.912628	-0.126343
0.514356	0.913311	-0.124634
0.515176	0.913311	-0.120300
0.515176	0.913993	-0.117737
0.515997	0.913993	-0.114441
0.516817	0.914676	-0.112915
0.519278	0.914676	-0.112061
0.520919	0.914676	-0.110718
0.523380	0.914676	-0.109863
0.524200	0.915358	-0.107971
0.524200	0.916041	-0.107849
0.525021	0.916041	-0.106934
0.525021	0.916724	-0.106689
0.525841	0.916724	-0.104126
0.525841	0.918089	-0.099487
0.527482	0.918089	-0.099121
0.529122	0.918089	-0.098877
0.530763	0.918089	-0.098755
0.532404	0.918771	-0.098572
0.533224	0.918771	-0.096252
0.534865	0.918771	-0.095886
0.537326	0.918771	-0.095398
0.538146	0.918771	-0.095276
0.539787	0.918771	-0.094116
0.541427	0.918771	-0.092163
0.542248	0.919454	-0.090027
0.543888	0.919454	-0.088806
0.543888	0.920137	-0.087402
0.545529	0.920137	-0.086304
0.546349	0.920137	-0.085449
0.546349	0.920819	-0.082397
0.547170	0.920819	-0.082092
0.547170	0.922184	-0.081909
0.547170	0.922867	-0.081787
0.548811	0.922867	-0.080627
0.548811	0.924232	-0.080322
0.550451	0.924232	-0.080017
0.551272	0.924915	-0.078491
0.551272	0.925597	-0.077576
0.553733	0.925597	-0.076721
0.555373	0.925597	-0.076050
0.555373	0.926962	-0.072510
0.556194	0.926962	-0.071716
0.557014	0.927645	-0.069763
0.557014	0.928328	-0.068420
0.558655	0.928328	-0.068176
0.558655	0.929010	-0.067627
0.560295	0.929010	-0.067200
0.560295	0.929693	-0.063904
0.561936	0.929693	-0.062561
0.561936	0.930375	-0.062042
0.562756	0.930375	-0.060181
0.564397	0.930375	-0.058044
0.565217	0.930375	-0.056458
0.566858	0.930375	-0.056366
0.568499	0.930375	-0.055389
0.568499	0.931058	-0.053833
0.569319	0.931741	-0.053802
0.569319	0.932423	-0.052734
0.570960	0.932423	-0.051941
0.570960	0.933106	-0.051178
0.575062	0.933106	-0.050537
0.575062	0.933788	-0.048218
0.575882	0.933788	-0.047882
0.575882	0.934471	-0.045807
0.577523	0.934471	-0.044281
0.577523	0.935154	-0.044220
0.578343	0.935154	-0.043274
0.578343	0.935836	-0.043030
0.581624	0.935836	-0.042908
0.581624	0.936519	-0.041901
0.582445	0.937201	-0.041229
0.583265	0.937201	-0.040558
0.583265	0.938567	-0.037842
0.585726	0.938567	-0.037109
0.585726	0.939249	-0.036407
0.588187	0.939249	-0.035797
0.588187	0.939932	-0.035004
0.588187	0.941297	-0.032776
0.590648	0.941297	-0.032471
0.591468	0.941980	-0.031525
0.594750	0.941980	-0.031219
0.596390	0.941980	-0.027618
0.598031	0.941980	-0.026062
0.598031	0.943345	-0.024918
0.598852	0.943345	-0.022079
0.598852	0.944027	-0.021729
0.599672	0.944027	-0.019318
0.599672	0.945392	-0.018906
0.600492	0.945392	-0.018341
0.600492	0.946075	-0.017075
0.600492	0.947440	-0.016953
0.600492	0.948123	-0.015297
0.602953	0.948123	-0.013466
0.602953	0.948805	-0.013153
0.603774	0.948805	-0.012749
0.603774	0.950171	-0.011940
0.604594	0.950171	-0.009438
0.606235	0.951536	-0.008560
0.607055	0.952218	-0.004539
0.613618	0.952218	-0.003798
0.615258	0.952218	-0.003244
0.618540	0.952218	-0.001682
0.619360	0.952901	-0.001229
0.621821	0.952901	-0.001152
0.621821	0.953584	0.000878
0.622642	0.953584	0.001691
0.622642	0.954949	0.002928
0.625103	0.954949	0.005196
0.625103	0.955631	0.005547
0.625923	0.956314	0.006260
0.625923	0.957679	0.007183
0.635767	0.957679	0.007374
0.635767	0.959044	0.007568
0.635767	0.959727	0.008629
0.636587	0.959727	0.010727
0.636587	0.960410	0.012794
0.638228	0.960410	0.012985
0.639048	0.961092	0.014458
0.639869	0.961092	0.016083
0.639869	0.961775	0.018448
0.645611	0.961775	0.020523
0.645611	0.962457	0.020782
0.646432	0.962457	0.021240
0.647252	0.963140	0.021744
0.650533	0.963140	0.022369
0.650533	0.963823	0.022491
0.652174	0.963823	0.028076
0.652174	0.965188	0.028748
0.652994	0.965188	0.030121
0.652994	0.966553	0.030884
0.654635	0.966553	0.030945
0.654635	0.967235	0.031769
0.656276	0.967235	0.031952
0.659557	0.967235	0.033447
0.659557	0.967918	0.034668
0.660377	0.967918	0.036102
0.660377	0.968601	0.039612
0.662838	0.968601	0.039856
0.663659	0.969283	0.040131
0.670221	0.969283	0.041077
0.670221	0.970648	0.041809
0.673503	0.970648	0.043488
0.675144	0.970648	0.045380
0.677605	0.970648	0.048218
0.677605	0.972014	0.049896
0.678425	0.972014	0.049988
0.680066	0.972014	0.051971
0.680066	0.972696	0.052460
0.684167	0.972696	0.052887
0.684167	0.973379	0.056732
0.684988	0.973379	0.058075
0.686628	0.973379	0.058167
0.687449	0.973379	0.059418
0.687449	0.974061	0.062622
0.689089	0.974061	0.062866
0.689089	0.974744	0.064209
0.698113	0.974744	0.067871
0.698113	0.975427	0.068115
0.701395	0.975427	0.069031
0.703035	0.976109	0.072998
0.708778	0.976109	0.073853
0.710418	0.976792	0.074707
0.712059	0.976792	0.075073
0.712059	0.977474	0.075256
0.714520	0.977474	0.075439
0.716161	0.977474	0.075928
0.717801	0.978157	0.078186
0.719442	0.978157	0.078918
0.721083	0.978157	0.079773
0.721083	0.978840	0.080505
0.722724	0.978840	0.084351
0.722724	0.979522	0.084473
0.725185	0.979522	0.088318
0.726825	0.979522	0.088867
0.727646	0.980205	0.089111
0.727646	0.981570	0.090332
0.729286	0.981570	0.091370
0.729286	0.982253	0.091858
0.731747	0.982253	0.091980
0.734208	0.982253	0.093872
0.735849	0.982253	0.095276
0.737490	0.982253	0.095459
0.740771	0.982253	0.095764
0.741591	0.982935	0.096497
0.747334	0.982935	0.097229
0.748154	0.983618	0.097351
0.749795	0.984300	0.098022
0.749795	0.984983	0.098083
0.752256	0.984983	0.099365
0.753897	0.984983	0.099548
0.754717	0.984983	0.099731
0.756358	0.984983	0.100647
0.756358	0.985666	0.101135
0.757178	0.985666	0.101624
0.760459	0.985666	0.102661
0.761280	0.985666	0.103760
0.762920	0.985666	0.104187
0.767842	0.985666	0.105408
0.769483	0.985666	0.106628
0.770304	0.985666	0.107117
0.771944	0.985666	0.110352
0.773585	0.985666	0.111755
0.776046	0.985666	0.112854
0.776046	0.986348	0.113525
0.777687	0.986348	0.115173
0.779327	0.986348	0.120239
0.780968	0.986348	0.123718
0.782609	0.986348	0.123840
0.785070	0.986348	0.126221
0.785070	0.987031	0.128906
0.788351	0.987031	0.129028
0.790812	0.987031	0.129150
0.792453	0.987031	0.129272
0.794094	0.987713	0.130737
0.798195	0.987713	0.135010
0.799836	0.987713	0.136719
0.804758	0.987713	0.136841
0.806399	0.987713	0.137329
0.807219	0.987713	0.137451
0.807219	0.989078	0.137939
0.808860	0.989078	0.139282
0.808860	0.989761	0.140747
0.811321	0.989761	0.141235
0.812961	0.989761	0.142090
0.813782	0.990444	0.142578
0.816243	0.990444	0.143066
0.819524	0.990444	0.143555
0.822806	0.990444	0.144165
0.825267	0.990444	0.146362
0.828548	0.990444	0.147827
0.830189	0.990444	0.149292
0.831009	0.991126	0.149536
0.833470	0.991126	0.151733
0.833470	0.991809	0.152954
0.835931	0.991809	0.156128
0.839212	0.991809	0.157227
0.839212	0.992491	0.158325
0.840853	0.992491	0.158691
0.842494	0.992491	0.159912
0.846596	0.992491	0.160156
0.848236	0.992491	0.160400
0.851518	0.992491	0.161255
0.853158	0.992491	0.163208
0.856440	0.992491	0.163330
0.858080	0.992491	0.163452
0.863002	0.992491	0.163574
0.864643	0.992491	0.163940
0.867104	0.992491	0.164185
0.869565	0.992491	0.165894
0.869565	0.993857	0.167114
0.873667	0.993857	0.167236
0.874487	0.994539	0.168457
0.876128	0.994539	0.169067
0.877769	0.994539	0.169800
0.878589	0.994539	0.169922
0.878589	0.995222	0.170532
0.879409	0.995222	0.172485
0.881050	0.995222	0.172974
0.881870	0.995222	0.173950
0.883511	0.995222	0.174683
0.888433	0.995222	0.175171
0.890074	0.995222	0.176147
0.891715	0.995222	0.177490
0.893355	0.995222	0.177979
0.894996	0.995222	0.178955
0.898277	0.995222	0.180420
0.899918	0.995222	0.180664
0.899918	0.995904	0.183350
0.902379	0.995904	0.184814
0.904020	0.995904	0.185547
0.904840	0.995904	0.186401
0.906481	0.995904	0.186768
0.907301	0.996587	0.187866
0.911403	0.996587	0.188599
0.913043	0.996587	0.190063
0.913043	0.997270	0.190186
0.913864	0.997270	0.191650
0.915505	0.997270	0.193115
0.924528	0.997270	0.194092
0.926169	0.997270	0.194336
0.926169	0.997952	0.196533
0.927810	0.997952	0.196777
0.927810	0.998635	0.198120
0.944217	0.998635	0.198242
0.946678	0.998635	0.198730
0.948318	0.998635	0.199707
0.949139	0.999317	0.200562
0.951600	0.999317	0.201538
0.953240	0.999317	0.202515
0.954061	0.999317	0.202881
0.954881	1.000000	0.203125
0.965546	1.000000	0.203491
0.968007	1.000000	0.204468
0.970468	1.000000	0.207397
0.972108	1.000000	0.208374
0.988515	1.000000	0.208496
0.990976	1.000000	0.211792
1.000000	1.000000	0.213379
