FPR	TPR	THR
0.000000	0.000000	-7.457031
0.000000	0.000741	-7.425781
0.000000	0.003704	-7.410156
0.000000	0.008148	-7.398438
0.000000	0.008889	-7.343750
0.000000	0.012593	-7.332031
0.000000	0.014074	-7.320312
0.000000	0.015556	-7.312500
0.000000	0.017037	-7.292969
0.000000	0.017778	-7.285156
0.000000	0.020000	-7.277344
0.000000	0.022963	-7.265625
0.000000	0.028148	-7.261719
0.000000	0.029630	-7.257812
0.000000	0.031852	-7.242188
0.000000	0.033333	-7.222656
0.000000	0.034074	-7.218750
0.000000	0.037037	-7.214844
0.000751	0.038519	-7.210938
0.000751	0.041481	-7.207031
0.000751	0.042222	-7.199219
0.000751	0.043704	-7.191406
0.000751	0.044444	-7.187500
0.000751	0.045926	-7.183594
0.000751	0.046667	-7.179688
0.000751	0.049630	-7.171875
0.000751	0.051852	-7.167969
0.000751	0.053333	-7.164062
0.000751	0.055556	-7.160156
0.000751	0.056296	-7.156250
0.001502	0.057778	-7.152344
0.001502	0.060000	-7.148438
0.001502	0.064444	-7.144531
0.001502	0.065926	-7.140625
0.001502	0.068148	-7.136719
0.001502	0.069630	-7.132812
0.001502	0.071852	-7.125000
0.001502	0.073333	-7.121094
0.001502	0.074815	-7.117188
0.001502	0.078519	-7.109375
0.001502	0.081481	-7.101562
0.001502	0.082222	-7.097656
0.001502	0.084444	-7.093750
0.001502	0.085185	-7.089844
0.001502	0.086667	-7.085938
0.002252	0.088889	-7.082031
0.002252	0.091111	-7.078125
0.002252	0.091852	-7.074219
0.002252	0.094074	-7.070312
0.002252	0.097037	-7.066406
0.002252	0.101481	-7.062500
0.002252	0.102222	-7.058594
0.002252	0.108148	-7.050781
0.002252	0.113333	-7.046875
0.002252	0.116296	-7.042969
0.002252	0.117778	-7.039062
0.002252	0.120000	-7.035156
0.002252	0.122963	-7.031250
0.002252	0.126667	-7.023438
0.002252	0.128889	-7.019531
0.002252	0.131852	-7.015625
0.002252	0.132593	-7.011719
0.002252	0.134815	-7.007812
0.002252	0.135556	-7.000000
0.002252	0.137778	-6.996094
0.002252	0.140741	-6.992188
0.002252	0.142222	-6.988281
0.002252	0.143704	-6.984375
0.002252	0.146667	-6.980469
0.002252	0.151111	-6.972656
0.002252	0.154815	-6.968750
0.002252	0.157037	-6.964844
0.002252	0.160000	-6.960938
0.002252	0.162963	-6.957031
0.002252	0.163704	-6.953125
0.002252	0.169630	-6.949219
0.002252	0.171111	-6.945312
0.002252	0.174074	-6.941406
0.002252	0.178519	-6.937500
0.002252	0.180741	-6.933594
0.002252	0.183704	-6.929688
0.002252	0.185926	-6.925781
0.002252	0.187407	-6.921875
0.002252	0.194074	-6.917969
0.002252	0.197037	-6.914062
0.002252	0.198519	-6.910156
0.003003	0.200741	-6.902344
0.003003	0.202222	-6.898438
0.003003	0.202963	-6.894531
0.003003	0.206667	-6.890625
0.003754	0.209630	-6.886719
0.003754	0.212593	-6.878906
0.003754	0.213333	-6.875000
0.003754	0.215556	-6.871094
0.003754	0.217037	-6.867188
0.003754	0.220000	-6.863281
0.003754	0.220741	-6.859375
0.003754	0.226667	-6.847656
0.003754	0.228148	-6.843750
0.003754	0.228889	-6.839844
0.003754	0.231111	-6.835938
0.003754	0.234074	-6.832031
0.003754	0.235556	-6.828125
0.003754	0.240000	-6.824219
0.004505	0.242963	-6.820312
0.004505	0.243704	-6.816406
0.005255	0.245185	-6.812500
0.005255	0.251111	-6.804688
0.005255	0.254815	-6.800781
0.005255	0.257037	-6.796875
0.005255	0.261481	-6.792969
0.005255	0.264444	-6.789062
0.005255	0.267407	-6.785156
0.005255	0.268889	-6.781250
0.006006	0.272593	-6.777344
0.007508	0.276296	-6.773438
0.007508	0.280000	-6.769531
0.007508	0.280741	-6.765625
0.008258	0.280741	-6.757812
0.008258	0.283704	-6.753906
0.008258	0.287407	-6.750000
0.008258	0.289630	-6.742188
0.009009	0.294815	-6.738281
0.009009	0.301481	-6.734375
0.009760	0.302963	-6.730469
0.009760	0.303704	-6.726562
0.009760	0.308148	-6.722656
0.010511	0.309630	-6.718750
0.010511	0.312593	-6.714844
0.010511	0.317037	-6.707031
0.010511	0.317778	-6.703125
0.010511	0.319259	-6.699219
0.010511	0.322222	-6.695312
0.010511	0.324444	-6.691406
0.010511	0.327407	-6.687500
0.010511	0.328148	-6.683594
0.010511	0.330370	-6.679688
0.010511	0.334815	-6.675781
0.010511	0.339259	-6.671875
0.011261	0.342963	-6.667969
0.012012	0.345926	-6.664062
0.012012	0.347407	-6.660156
0.012012	0.349630	-6.656250
0.012012	0.352593	-6.652344
0.012012	0.355556	-6.648438
0.012012	0.357037	-6.644531
0.012012	0.361481	-6.640625
0.012763	0.362963	-6.632812
0.012763	0.365185	-6.628906
0.012763	0.365926	-6.625000
0.012763	0.368148	-6.621094
0.013514	0.369630	-6.617188
0.013514	0.374074	-6.613281
0.013514	0.377037	-6.609375
0.013514	0.380741	-6.601562
0.014264	0.382222	-6.597656
0.014264	0.383704	-6.593750
0.015015	0.385185	-6.589844
0.015015	0.386667	-6.585938
0.015015	0.388889	-6.582031
0.015015	0.392593	-6.578125
0.015015	0.393333	-6.574219
0.015766	0.395556	-6.566406
0.015766	0.398519	-6.562500
0.016517	0.399259	-6.558594
0.016517	0.400000	-6.554688
0.016517	0.404444	-6.550781
0.016517	0.407407	-6.546875
0.016517	0.409630	-6.542969
0.016517	0.410370	-6.539062
0.016517	0.412593	-6.527344
0.017267	0.416296	-6.523438
0.017267	0.417037	-6.519531
0.018018	0.419259	-6.515625
0.018018	0.420741	-6.511719
0.018018	0.425185	-6.507812
0.018018	0.425926	-6.503906
0.018018	0.428889	-6.500000
0.018018	0.430370	-6.496094
0.018018	0.432593	-6.476562
0.018018	0.436296	-6.472656
0.018018	0.438519	-6.468750
0.018018	0.441481	-6.464844
0.018018	0.442222	-6.460938
0.018018	0.444444	-6.457031
0.018769	0.445926	-6.453125
0.018769	0.450370	-6.449219
0.018769	0.454815	-6.445312
0.019520	0.456296	-6.437500
0.020270	0.458519	-6.433594
0.020270	0.460741	-6.429688
0.024775	0.467407	-6.425781
0.025526	0.468148	-6.421875
0.025526	0.471111	-6.417969
0.025526	0.471852	-6.414062
0.026276	0.472593	-6.410156
0.027027	0.477037	-6.406250
0.027027	0.477778	-6.402344
0.027778	0.479259	-6.398438
0.027778	0.480741	-6.394531
0.027778	0.482963	-6.390625
0.028529	0.485185	-6.386719
0.028529	0.488889	-6.382812
0.028529	0.491852	-6.378906
0.028529	0.494074	-6.375000
0.029279	0.496296	-6.371094
0.029279	0.497037	-6.367188
0.029279	0.498519	-6.363281
0.029279	0.499259	-6.359375
0.029279	0.500741	-6.355469
0.029279	0.503704	-6.351562
0.029279	0.505926	-6.347656
0.029279	0.506667	-6.343750
0.030030	0.508889	-6.339844
0.030781	0.510370	-6.332031
0.030781	0.511111	-6.328125
0.031532	0.511852	-6.324219
0.032282	0.514815	-6.320312
0.032282	0.517037	-6.316406
0.032282	0.518519	-6.312500
0.032282	0.527407	-6.308594
0.032282	0.528148	-6.304688
0.032282	0.531111	-6.300781
0.032282	0.533333	-6.292969
0.032282	0.537778	-6.285156
0.033033	0.537778	-6.281250
0.033033	0.539259	-6.277344
0.033784	0.539259	-6.273438
0.033784	0.541481	-6.269531
0.033784	0.544444	-6.265625
0.034535	0.545185	-6.261719
0.034535	0.548889	-6.257812
0.036036	0.549630	-6.253906
0.036036	0.551852	-6.250000
0.036036	0.555556	-6.238281
0.036787	0.555556	-6.234375
0.036787	0.557778	-6.226562
0.036787	0.560741	-6.222656
0.036787	0.563704	-6.218750
0.036787	0.565926	-6.214844
0.036787	0.566667	-6.210938
0.038288	0.568889	-6.207031
0.038288	0.569630	-6.203125
0.038288	0.574074	-6.199219
0.038288	0.574815	-6.191406
0.039039	0.576296	-6.187500
0.039790	0.577037	-6.183594
0.040541	0.579259	-6.179688
0.040541	0.581481	-6.160156
0.040541	0.582963	-6.156250
0.041291	0.582963	-6.152344
0.042042	0.583704	-6.148438
0.042793	0.583704	-6.144531
0.042793	0.585185	-6.140625
0.044294	0.586667	-6.132812
0.045796	0.588889	-6.128906
0.046547	0.588889	-6.125000
0.047297	0.589630	-6.121094
0.047297	0.592593	-6.117188
0.048048	0.592593	-6.113281
0.048048	0.595556	-6.109375
0.048048	0.596296	-6.105469
0.048048	0.598519	-6.101562
0.048048	0.604444	-6.097656
0.048799	0.605185	-6.093750
0.048799	0.605926	-6.089844
0.049550	0.610370	-6.082031
0.050300	0.611852	-6.078125
0.050300	0.612593	-6.074219
0.050300	0.614074	-6.070312
0.051051	0.615556	-6.062500
0.051051	0.616296	-6.058594
0.051802	0.617778	-6.054688
0.051802	0.618519	-6.050781
0.051802	0.620000	-6.046875
0.051802	0.620741	-6.031250
0.052553	0.622963	-6.027344
0.053303	0.622963	-6.023438
0.054054	0.625185	-6.019531
0.054054	0.626667	-6.015625
0.054054	0.628889	-5.996094
0.054054	0.629630	-5.992188
0.054054	0.634074	-5.988281
0.054805	0.634074	-5.984375
0.054805	0.634815	-5.980469
0.054805	0.636296	-5.976562
0.055556	0.636296	-5.968750
0.055556	0.637037	-5.964844
0.055556	0.638519	-5.960938
0.055556	0.640741	-5.957031
0.056306	0.640741	-5.949219
0.057057	0.641481	-5.945312
0.057057	0.644444	-5.937500
0.057057	0.653333	-5.933594
0.057057	0.654074	-5.929688
0.057057	0.656296	-5.914062
0.057057	0.657037	-5.906250
0.058559	0.658519	-5.902344
0.058559	0.660000	-5.878906
0.058559	0.662222	-5.875000
0.058559	0.665185	-5.871094
0.059309	0.666667	-5.859375
0.059309	0.668148	-5.851562
0.060060	0.668889	-5.847656
0.060811	0.668889	-5.839844
0.060811	0.669630	-5.835938
0.060811	0.671111	-5.832031
0.062312	0.675556	-5.828125
0.062312	0.676296	-5.816406
0.062312	0.678519	-5.812500
0.063814	0.681481	-5.804688
0.063814	0.682963	-5.792969
0.064565	0.683704	-5.781250
0.064565	0.685185	-5.769531
0.065315	0.687407	-5.765625
0.067568	0.688148	-5.761719
0.068318	0.688148	-5.757812
0.068318	0.688889	-5.753906
0.069069	0.688889	-5.746094
0.069069	0.690370	-5.734375
0.069820	0.691111	-5.726562
0.069820	0.694074	-5.718750
0.070571	0.694074	-5.714844
0.070571	0.696296	-5.695312
0.072072	0.696296	-5.691406
0.072072	0.697037	-5.687500
0.072823	0.698519	-5.683594
0.072823	0.700000	-5.679688
0.072823	0.701481	-5.675781
0.074324	0.702963	-5.671875
0.075826	0.702963	-5.664062
0.075826	0.706667	-5.660156
0.075826	0.711111	-5.656250
0.075826	0.714074	-5.652344
0.075826	0.715556	-5.648438
0.075826	0.717778	-5.640625
0.075826	0.722222	-5.628906
0.076577	0.723704	-5.617188
0.076577	0.725926	-5.613281
0.076577	0.727407	-5.597656
0.076577	0.729630	-5.593750
0.076577	0.732593	-5.589844
0.076577	0.733333	-5.582031
0.077327	0.734815	-5.578125
0.077327	0.735556	-5.574219
0.078829	0.737037	-5.562500
0.078829	0.742222	-5.558594
0.078829	0.743704	-5.546875
0.079580	0.744444	-5.527344
0.080330	0.744444	-5.523438
0.081081	0.745185	-5.519531
0.081081	0.746667	-5.507812
0.082583	0.746667	-5.503906
0.082583	0.747407	-5.500000
0.083333	0.748889	-5.488281
0.083333	0.749630	-5.480469
0.084084	0.749630	-5.472656
0.084084	0.750370	-5.468750
0.084835	0.751852	-5.460938
0.084835	0.753333	-5.457031
0.084835	0.755556	-5.449219
0.084835	0.759259	-5.445312
0.085586	0.760000	-5.429688
0.085586	0.761481	-5.414062
0.085586	0.762222	-5.410156
0.086336	0.762222	-5.398438
0.086336	0.762963	-5.394531
0.086336	0.764444	-5.390625
0.087087	0.766667	-5.378906
0.087087	0.767407	-5.375000
0.088589	0.768148	-5.367188
0.088589	0.769630	-5.355469
0.089339	0.769630	-5.347656
0.090090	0.770370	-5.343750
0.090090	0.771111	-5.332031
0.091592	0.771111	-5.324219
0.092342	0.772593	-5.320312
0.093093	0.773333	-5.316406
0.093093	0.775556	-5.312500
0.093093	0.777037	-5.308594
0.093093	0.778519	-5.304688
0.093844	0.779259	-5.292969
0.093844	0.780741	-5.289062
0.094595	0.781481	-5.273438
0.094595	0.782222	-5.261719
0.095345	0.782963	-5.257812
0.095345	0.784444	-5.246094
0.095345	0.785926	-5.238281
0.095345	0.786667	-5.234375
0.096847	0.789630	-5.222656
0.097598	0.789630	-5.214844
0.097598	0.790370	-5.195312
0.098348	0.790370	-5.175781
0.098348	0.791852	-5.167969
0.099099	0.792593	-5.164062
0.099099	0.794074	-5.156250
0.099850	0.794074	-5.152344
0.099850	0.796296	-5.140625
0.099850	0.797778	-5.136719
0.099850	0.798519	-5.132812
0.100601	0.799259	-5.128906
0.100601	0.800741	-5.109375
0.101351	0.800741	-5.085938
0.101351	0.802963	-5.074219
0.101351	0.803704	-5.070312
0.101351	0.805185	-5.066406
0.102102	0.805926	-5.062500
0.102853	0.805926	-5.058594
0.102853	0.806667	-5.035156
0.103604	0.806667	-5.031250
0.103604	0.807407	-5.019531
0.104354	0.807407	-5.015625
0.105105	0.808148	-5.011719
0.105105	0.810370	-5.007812
0.105856	0.811111	-5.003906
0.105856	0.812593	-5.000000
0.107357	0.815556	-4.980469
0.107357	0.816296	-4.976562
0.108108	0.817037	-4.972656
0.108108	0.820000	-4.968750
0.108859	0.821481	-4.964844
0.108859	0.822963	-4.957031
0.109610	0.823704	-4.953125
0.109610	0.824444	-4.929688
0.110360	0.824444	-4.914062
0.111111	0.825185	-4.902344
0.112613	0.825185	-4.898438
0.112613	0.825926	-4.894531
0.112613	0.827407	-4.882812
0.112613	0.828148	-4.867188
0.114114	0.829630	-4.847656
0.114114	0.830370	-4.832031
0.114865	0.830370	-4.828125
0.114865	0.831852	-4.812500
0.115616	0.831852	-4.804688
0.116366	0.832593	-4.796875
0.118619	0.832593	-4.777344
0.118619	0.834074	-4.765625
0.118619	0.834815	-4.761719
0.119369	0.834815	-4.750000
0.119369	0.835556	-4.746094
0.120120	0.836296	-4.742188
0.120871	0.837778	-4.738281
0.120871	0.838519	-4.726562
0.121622	0.838519	-4.722656
0.121622	0.839259	-4.687500
0.122372	0.840000	-4.675781
0.122372	0.840741	-4.667969
0.123123	0.840741	-4.660156
0.123123	0.841481	-4.652344
0.124625	0.841481	-4.644531
0.124625	0.842963	-4.617188
0.124625	0.844444	-4.605469
0.124625	0.845185	-4.601562
0.125375	0.845926	-4.597656
0.126126	0.845926	-4.593750
0.126126	0.846667	-4.574219
0.126126	0.848148	-4.542969
0.126877	0.848148	-4.519531
0.126877	0.849630	-4.511719
0.127628	0.849630	-4.507812
0.127628	0.851111	-4.492188
0.127628	0.852593	-4.472656
0.128378	0.852593	-4.457031
0.128378	0.853333	-4.449219
0.129129	0.853333	-4.437500
0.129129	0.854074	-4.433594
0.129129	0.855556	-4.425781
0.129129	0.856296	-4.421875
0.129880	0.857037	-4.386719
0.129880	0.858519	-4.378906
0.130631	0.859259	-4.355469
0.131381	0.859259	-4.324219
0.131381	0.860741	-4.312500
0.131381	0.861481	-4.304688
0.132883	0.861481	-4.300781
0.133634	0.862963	-4.292969
0.134384	0.862963	-4.285156
0.134384	0.864444	-4.281250
0.134384	0.866667	-4.273438
0.135135	0.867407	-4.257812
0.135135	0.868148	-4.253906
0.135135	0.869630	-4.238281
0.138138	0.869630	-4.210938
0.138138	0.871111	-4.203125
0.139640	0.871111	-4.183594
0.139640	0.871852	-4.171875
0.141141	0.871852	-4.164062
0.141141	0.872593	-4.156250
0.141141	0.874074	-4.144531
0.142643	0.874074	-4.136719
0.142643	0.877037	-4.101562
0.143393	0.877037	-4.097656
0.143393	0.878519	-4.093750
0.144895	0.878519	-4.089844
0.144895	0.879259	-4.070312
0.147898	0.879259	-4.066406
0.147898	0.880000	-4.058594
0.149399	0.880000	-4.050781
0.150150	0.880741	-4.046875
0.151652	0.880741	-4.031250
0.151652	0.882222	-4.015625
0.153153	0.882222	-3.994141
0.153153	0.882963	-3.980469
0.153904	0.883704	-3.933594
0.153904	0.885926	-3.927734
0.155405	0.885926	-3.894531
0.156156	0.887407	-3.873047
0.156156	0.888148	-3.828125
0.156907	0.888148	-3.826172
0.156907	0.889630	-3.791016
0.157658	0.889630	-3.781250
0.157658	0.890370	-3.777344
0.158408	0.890370	-3.744141
0.158408	0.893333	-3.738281
0.161411	0.893333	-3.728516
0.161411	0.894815	-3.714844
0.162913	0.894815	-3.705078
0.162913	0.896296	-3.652344
0.163664	0.896296	-3.648438
0.163664	0.897037	-3.597656
0.165165	0.897037	-3.585938
0.165165	0.899259	-3.578125
0.165916	0.899259	-3.560547
0.165916	0.900000	-3.556641
0.166667	0.900000	-3.544922
0.166667	0.901481	-3.541016
0.167417	0.901481	-3.521484
0.167417	0.903704	-3.501953
0.168919	0.903704	-3.498047
0.168919	0.904444	-3.490234
0.171171	0.904444	-3.470703
0.171171	0.905185	-3.443359
0.171922	0.905185	-3.423828
0.171922	0.907407	-3.386719
0.172673	0.907407	-3.365234
0.173423	0.908148	-3.361328
0.173423	0.908889	-3.353516
0.174174	0.908889	-3.349609
0.174174	0.909630	-3.333984
0.174925	0.909630	-3.324219
0.174925	0.910370	-3.283203
0.177177	0.910370	-3.281250
0.177177	0.911852	-3.275391
0.178679	0.911852	-3.271484
0.178679	0.913333	-3.222656
0.180180	0.913333	-3.210938
0.180931	0.914074	-3.199219
0.181682	0.914074	-3.148438
0.182432	0.914815	-3.126953
0.185435	0.914815	-3.123047
0.185435	0.915556	-3.089844
0.186937	0.915556	-3.068359
0.188438	0.915556	-3.064453
0.189189	0.915556	-3.052734
0.189189	0.917037	-2.992188
0.189940	0.917037	-2.960938
0.189940	0.917778	-2.937500
0.191441	0.917778	-2.898438
0.191441	0.919259	-2.888672
0.192192	0.919259	-2.865234
0.192192	0.920000	-2.861328
0.196697	0.920000	-2.843750
0.196697	0.921481	-2.835938
0.197447	0.921481	-2.818359
0.198198	0.922222	-2.802734
0.198198	0.922963	-2.798828
0.200450	0.922963	-2.775391
0.201952	0.922963	-2.746094
0.201952	0.923704	-2.716797
0.202703	0.923704	-2.669922
0.202703	0.925185	-2.658203
0.203453	0.925185	-2.656250
0.203453	0.925926	-2.636719
0.204204	0.925926	-2.580078
0.204204	0.928889	-2.574219
0.206456	0.928889	-2.494141
0.206456	0.929630	-2.488281
0.211712	0.929630	-2.472656
0.211712	0.930370	-2.468750
0.212462	0.930370	-2.447266
0.212462	0.932593	-2.443359
0.216967	0.932593	-2.439453
0.216967	0.933333	-2.421875
0.217718	0.933333	-2.419922
0.217718	0.934815	-2.412109
0.219219	0.934815	-2.400391
0.219219	0.936296	-2.380859
0.219970	0.936296	-2.371094
0.219970	0.937778	-2.355469
0.225976	0.937778	-2.353516
0.225976	0.938519	-2.337891
0.228228	0.938519	-2.332031
0.228228	0.940741	-2.269531
0.229730	0.940741	-2.226562
0.229730	0.941481	-2.212891
0.232733	0.941481	-2.191406
0.232733	0.942222	-2.146484
0.241742	0.942222	-2.095703
0.241742	0.943704	-2.089844
0.243243	0.943704	-2.064453
0.243243	0.944444	-2.050781
0.245495	0.944444	-2.048828
0.245495	0.945185	-2.046875
0.246997	0.945185	-1.911133
0.246997	0.945926	-1.853516
0.251502	0.945926	-1.817383
0.251502	0.946667	-1.761719
0.252252	0.946667	-1.752930
0.252252	0.948889	-1.718750
0.254505	0.948889	-1.666992
0.254505	0.949630	-1.619141
0.256757	0.949630	-1.608398
0.256757	0.950370	-1.568359
0.263514	0.950370	-1.358398
0.263514	0.951111	-1.346680
0.264264	0.951111	-1.267578
0.264264	0.953333	-1.096680
0.266517	0.953333	-1.026367
0.266517	0.954074	-1.004883
0.267267	0.954074	-0.968750
0.267267	0.954815	-0.922363
0.268018	0.954815	-0.915527
0.268018	0.955556	-0.854492
0.268769	0.955556	-0.798340
0.268769	0.957037	-0.669922
0.271021	0.957037	-0.580078
0.271021	0.959259	-0.568848
0.273273	0.959259	-0.517578
0.273273	0.960000	-0.512695
0.274775	0.960000	-0.288818
0.274775	0.960741	-0.212524
0.275526	0.960741	-0.200195
0.277027	0.960741	-0.111694
0.277778	0.960741	-0.027786
0.277778	0.961481	0.373047
0.278529	0.961481	0.375244
0.278529	0.962222	0.398193
0.283033	0.962222	0.490234
0.283033	0.962963	0.768066
0.283784	0.962963	0.821289
0.285285	0.964444	0.848633
0.291291	0.964444	0.937500
0.292793	0.964444	0.991699
0.293544	0.964444	1.065430
0.293544	0.965185	1.225586
0.304054	0.965185	1.388672
0.304054	0.968889	1.424805
0.307057	0.968889	1.459961
0.307057	0.969630	1.496094
0.312312	0.969630	1.563477
0.313814	0.969630	1.621094
0.315315	0.969630	1.729492
0.315315	0.970370	1.766602
0.316066	0.970370	1.952148
0.316066	0.971111	1.994141
0.316817	0.971111	2.005859
0.316817	0.971852	2.021484
0.317568	0.971852	2.083984
0.319069	0.971852	2.087891
0.319820	0.971852	2.091797
0.319820	0.974074	2.113281
0.320571	0.974074	2.115234
0.322072	0.974074	2.162109
0.324324	0.974074	2.173828
0.325826	0.974074	2.216797
0.325826	0.974815	2.218750
0.329580	0.974815	2.279297
0.331081	0.974815	2.294922
0.331832	0.974815	2.300781
0.331832	0.976296	2.330078
0.332583	0.976296	2.332031
0.332583	0.977778	2.353516
0.334084	0.977778	2.375000
0.334084	0.978519	2.378906
0.338589	0.978519	2.451172
0.339339	0.979259	2.482422
0.342342	0.979259	2.498047
0.343844	0.979259	2.554688
0.344595	0.979259	2.582031
0.346096	0.979259	2.591797
0.346847	0.980000	2.609375
0.348348	0.980000	2.652344
0.351351	0.980000	2.654297
0.352853	0.980000	2.656250
0.354354	0.980000	2.677734
0.355105	0.980000	2.722656
0.356607	0.980000	2.724609
0.358108	0.980000	2.750000
0.358108	0.980741	2.769531
0.359610	0.980741	2.787109
0.359610	0.982222	2.884766
0.361862	0.982222	2.908203
0.361862	0.982963	2.943359
0.363363	0.982963	2.951172
0.363363	0.983704	2.970703
0.364114	0.983704	2.974609
0.365616	0.983704	2.986328
0.367117	0.983704	3.009766
0.371622	0.983704	3.019531
0.376126	0.983704	3.021484
0.377628	0.983704	3.068359
0.379880	0.983704	3.128906
0.380631	0.983704	3.185547
0.380631	0.984444	3.189453
0.382132	0.984444	3.201172
0.382883	0.985185	3.224609
0.388138	0.985185	3.234375
0.389640	0.985185	3.244141
0.392643	0.985185	3.263672
0.392643	0.985926	3.279297
0.394895	0.985926	3.308594
0.396396	0.985926	3.310547
0.397898	0.985926	3.314453
0.397898	0.986667	3.322266
0.398649	0.987407	3.330078
0.400150	0.987407	3.335938
0.400901	0.988148	3.341797
0.403904	0.988148	3.363281
0.407658	0.988148	3.384766
0.412913	0.988148	3.419922
0.415916	0.988148	3.423828
0.416667	0.988148	3.425781
0.416667	0.988889	3.429688
0.418168	0.988889	3.435547
0.418919	0.989630	3.457031
0.423423	0.989630	3.478516
0.429429	0.989630	3.496094
0.430180	0.989630	3.513672
0.431682	0.989630	3.529297
0.431682	0.990370	3.552734
0.432432	0.990370	3.556641
0.433934	0.990370	3.574219
0.434685	0.990370	3.599609
0.436937	0.990370	3.625000
0.439189	0.990370	3.640625
0.441441	0.990370	3.642578
0.442943	0.991852	3.675781
0.444444	0.991852	3.679688
0.445195	0.992593	3.695312
0.446697	0.992593	3.705078
0.447447	0.992593	3.708984
0.450450	0.992593	3.710938
0.450450	0.993333	3.714844
0.453453	0.993333	3.744141
0.454204	0.993333	3.751953
0.457207	0.993333	3.777344
0.458709	0.993333	3.783203
0.460210	0.993333	3.787109
0.461712	0.993333	3.789062
0.464715	0.993333	3.818359
0.466216	0.993333	3.830078
0.469219	0.993333	3.837891
0.472222	0.993333	3.845703
0.472973	0.993333	3.847656
0.478979	0.993333	3.851562
0.481231	0.993333	3.863281
0.483483	0.993333	3.878906
0.484234	0.993333	3.884766
0.486486	0.993333	3.896484
0.490991	0.993333	3.904297
0.492492	0.993333	3.906250
0.493243	0.993333	3.910156
0.494745	0.993333	3.917969
0.496246	0.994074	3.927734
0.497748	0.994074	3.947266
0.498498	0.994074	3.949219
0.500000	0.994074	3.970703
0.500751	0.994074	3.976562
0.503754	0.994074	3.992188
0.508258	0.994074	3.994141
0.509009	0.994074	3.996094
0.512012	0.994074	4.023438
0.512763	0.994074	4.035156
0.519520	0.994074	4.050781
0.521021	0.994074	4.054688
0.521772	0.994074	4.066406
0.523273	0.994074	4.070312
0.527027	0.994074	4.093750
0.530030	0.994074	4.109375
0.532282	0.994074	4.113281
0.533784	0.994074	4.125000
0.534535	0.994815	4.128906
0.536036	0.994815	4.144531
0.536787	0.994815	4.156250
0.539039	0.994815	4.199219
0.540541	0.994815	4.203125
0.542042	0.994815	4.210938
0.544294	0.994815	4.226562
0.545796	0.994815	4.230469
0.547297	0.994815	4.238281
0.551802	0.994815	4.265625
0.554054	0.994815	4.281250
0.555556	0.994815	4.304688
0.555556	0.995556	4.308594
0.557808	0.995556	4.335938
0.559309	0.996296	4.363281
0.561562	0.996296	4.367188
0.563814	0.996296	4.375000
0.564565	0.996296	4.382812
0.569069	0.996296	4.390625
0.569820	0.996296	4.394531
0.569820	0.997037	4.402344
0.571321	0.997037	4.410156
0.573574	0.997037	4.421875
0.575075	0.997037	4.445312
0.577327	0.997037	4.449219
0.578829	0.997037	4.457031
0.579580	0.997037	4.460938
0.582583	0.997037	4.464844
0.583333	0.997037	4.472656
0.584835	0.997037	4.488281
0.585586	0.997037	4.492188
0.588589	0.997037	4.496094
0.590841	0.997037	4.503906
0.592342	0.997037	4.519531
0.593093	0.997037	4.535156
0.594595	0.997778	4.542969
0.595345	0.997778	4.554688
0.597598	0.997778	4.558594
0.599099	0.997778	4.562500
0.599850	0.997778	4.585938
0.602102	0.997778	4.589844
0.602853	0.997778	4.597656
0.607357	0.997778	4.601562
0.610360	0.997778	4.605469
0.611111	0.997778	4.621094
0.614114	0.997778	4.628906
0.617117	0.997778	4.636719
0.618619	0.997778	4.652344
0.623123	0.997778	4.675781
0.626126	0.997778	4.695312
0.628378	0.997778	4.718750
0.631381	0.997778	4.726562
0.632132	0.997778	4.738281
0.638889	0.997778	4.742188
0.640390	0.997778	4.750000
0.641141	0.997778	4.753906
0.644895	0.997778	4.789062
0.645646	0.997778	4.792969
0.647898	0.997778	4.800781
0.650901	0.998519	4.808594
0.651652	0.998519	4.816406
0.653153	0.998519	4.828125
0.657658	0.998519	4.847656
0.662162	0.998519	4.855469
0.664414	0.998519	4.859375
0.668168	0.998519	4.867188
0.669670	0.999259	4.871094
0.672673	0.999259	4.878906
0.674925	0.999259	4.890625
0.675676	0.999259	4.894531
0.677177	0.999259	4.917969
0.677928	0.999259	4.925781
0.680931	0.999259	4.929688
0.681682	0.999259	4.933594
0.683934	0.999259	4.937500
0.686937	0.999259	4.957031
0.689189	0.999259	4.964844
0.690691	0.999259	4.968750
0.693694	0.999259	4.980469
0.695946	0.999259	4.984375
0.698949	0.999259	4.992188
0.705706	0.999259	4.996094
0.710961	1.000000	5.003906
0.712462	1.000000	5.007812
0.713964	1.000000	5.019531
0.716967	1.000000	5.031250
0.718468	1.000000	5.039062
0.723724	1.000000	5.046875
0.726727	1.000000	5.062500
0.730480	1.000000	5.078125
0.731982	1.000000	5.089844
0.732733	1.000000	5.097656
0.734985	1.000000	5.105469
0.737988	1.000000	5.113281
0.740991	1.000000	5.132812
0.750000	1.000000	5.148438
0.753754	1.000000	5.160156
0.754505	1.000000	5.164062
0.758258	1.000000	5.171875
0.760511	1.000000	5.175781
0.763514	1.000000	5.179688
0.765015	1.000000	5.191406
0.766517	1.000000	5.195312
0.768769	1.000000	5.210938
0.771772	1.000000	5.222656
0.772523	1.000000	5.226562
0.775526	1.000000	5.230469
0.776276	1.000000	5.242188
0.778529	1.000000	5.250000
0.779279	1.000000	5.257812
0.781532	1.000000	5.265625
0.785285	1.000000	5.281250
0.786787	1.000000	5.292969
0.787538	1.000000	5.304688
0.790541	1.000000	5.308594
0.791291	1.000000	5.312500
0.796547	1.000000	5.316406
0.799550	1.000000	5.320312
0.803303	1.000000	5.347656
0.806306	1.000000	5.351562
0.808559	1.000000	5.355469
0.813063	1.000000	5.363281
0.814565	1.000000	5.367188
0.818318	1.000000	5.386719
0.819069	1.000000	5.394531
0.822072	1.000000	5.398438
0.826577	1.000000	5.421875
0.829580	1.000000	5.429688
0.831081	1.000000	5.441406
0.835586	1.000000	5.445312
0.838589	1.000000	5.457031
0.839339	1.000000	5.472656
0.840841	1.000000	5.476562
0.843844	1.000000	5.480469
0.846096	1.000000	5.488281
0.849099	1.000000	5.492188
0.851351	1.000000	5.496094
0.852853	1.000000	5.500000
0.855105	1.000000	5.511719
0.858108	1.000000	5.515625
0.860360	1.000000	5.519531
0.866366	1.000000	5.523438
0.867117	1.000000	5.527344
0.869369	1.000000	5.539062
0.870871	1.000000	5.542969
0.873123	1.000000	5.546875
0.873874	1.000000	5.550781
0.879880	1.000000	5.554688
0.882132	1.000000	5.570312
0.882883	1.000000	5.589844
0.885886	1.000000	5.597656
0.888138	1.000000	5.605469
0.892643	1.000000	5.609375
0.893393	1.000000	5.621094
0.894895	1.000000	5.625000
0.896396	1.000000	5.632812
0.900901	1.000000	5.636719
0.902402	1.000000	5.644531
0.909910	1.000000	5.648438
0.912162	1.000000	5.652344
0.912913	1.000000	5.660156
0.917417	1.000000	5.675781
0.920420	1.000000	5.683594
0.924174	1.000000	5.699219
0.924925	1.000000	5.707031
0.929429	1.000000	5.714844
0.931682	1.000000	5.718750
0.932432	1.000000	5.730469
0.933934	1.000000	5.738281
0.936937	1.000000	5.746094
0.939189	1.000000	5.750000
0.940691	1.000000	5.753906
0.941441	1.000000	5.757812
0.944444	1.000000	5.765625
0.945195	1.000000	5.777344
0.947447	1.000000	5.781250
0.948949	1.000000	5.789062
0.950450	1.000000	5.792969
0.951952	1.000000	5.796875
0.956456	1.000000	5.800781
0.957958	1.000000	5.812500
0.958709	1.000000	5.816406
0.961712	1.000000	5.820312
0.962462	1.000000	5.828125
0.963964	1.000000	5.832031
0.966216	1.000000	5.839844
0.967718	1.000000	5.843750
0.969219	1.000000	5.863281
0.971471	1.000000	5.871094
0.973724	1.000000	5.875000
0.974474	1.000000	5.878906
0.976727	1.000000	5.882812
0.978228	1.000000	5.886719
0.980480	1.000000	5.898438
0.981982	1.000000	5.902344
0.983483	1.000000	5.910156
0.984985	1.000000	5.917969
0.987988	1.000000	5.925781
0.989489	1.000000	5.929688
0.995495	1.000000	5.933594
0.996997	1.000000	5.957031
1.000000	1.000000	5.964844
