FPR	TPR	THR
0.000000	0.000000	-2.126799
0.000000	0.000702	-2.126213
0.000000	0.025263	-2.116209
0.001589	0.025263	-2.099584
0.001589	0.042807	-2.097901
0.002383	0.042807	-2.097075
0.002383	0.065965	-2.096814
0.003177	0.065965	-2.094960
0.003177	0.112281	-2.094949
0.003971	0.112281	-2.094886
0.003971	0.129123	-2.094852
0.003971	0.130526	-2.094807
0.003971	0.136140	-2.094758
0.004766	0.136842	-2.094728
0.004766	0.141754	-2.094716
0.004766	0.144561	-2.094707
0.004766	0.145263	-2.094688
0.004766	0.146667	-2.094671
0.005560	0.146667	-2.094665
0.005560	0.147368	-2.094664
0.005560	0.148772	-2.094662
0.005560	0.150175	-2.094654
0.005560	0.152982	-2.094653
0.005560	0.157193	-2.094650
0.005560	0.161404	-2.094648
0.009531	0.219649	-2.094648
0.010326	0.230877	-2.094643
0.011914	0.242105	-2.094641
0.011914	0.243509	-2.094641
0.011914	0.245614	-2.094640
0.011914	0.247018	-2.094639
0.012708	0.248421	-2.094639
0.012708	0.251228	-2.094638
0.012708	0.253333	-2.094638
0.012708	0.254737	-2.094637
0.012708	0.256842	-2.094637
0.012708	0.257544	-2.094636
0.014297	0.258947	-2.094636
0.014297	0.260351	-2.094635
0.014297	0.261754	-2.094634
0.014297	0.264561	-2.094634
0.014297	0.265965	-2.094634
0.014297	0.269474	-2.094634
0.015091	0.269474	-2.094633
0.015091	0.272281	-2.094633
0.015886	0.272281	-2.094633
0.015886	0.272982	-2.094632
0.016680	0.272982	-2.094632
0.016680	0.274386	-2.094632
0.016680	0.278596	-2.094632
0.016680	0.280000	-2.094631
0.016680	0.284912	-2.094631
0.016680	0.286316	-2.094631
0.016680	0.308070	-2.094630
0.017474	0.308070	-2.094630
0.017474	0.347368	-2.094630
0.018268	0.347368	-2.094630
0.018268	0.355789	-2.094629
0.019063	0.355789	-2.094629
0.019063	0.377544	-2.094628
0.019857	0.377544	-2.094628
0.019857	0.408421	-2.094627
0.020651	0.408421	-2.094625
0.020651	0.416140	-2.094624
0.021446	0.416140	-2.094623
0.021446	0.418246	-2.094623
0.022240	0.418246	-2.094621
0.022240	0.419649	-2.094620
0.023034	0.419649	-2.094619
0.023034	0.423860	-2.094619
0.024623	0.423860	-2.094610
0.024623	0.428772	-2.094604
0.025417	0.428772	-2.094603
0.025417	0.430877	-2.094601
0.026211	0.430877	-2.094592
0.026211	0.433684	-2.094582
0.027006	0.433684	-2.094576
0.027006	0.440702	-2.094575
0.027800	0.440702	-2.094571
0.027800	0.441404	-2.094568
0.028594	0.441404	-2.094529
0.028594	0.465263	-2.094501
0.029388	0.465263	-2.094441
0.029388	0.465965	-2.094355
0.030183	0.465965	-2.094237
0.030183	0.470175	-2.094224
0.030977	0.470175	-2.094205
0.030977	0.477193	-2.094187
0.031771	0.477193	-2.094184
0.031771	0.484211	-2.094178
0.032566	0.484211	-2.094153
0.032566	0.497544	-2.094145
0.033360	0.497544	-2.094068
0.033360	0.499649	-2.094049
0.034154	0.499649	-2.093873
0.034154	0.503860	-2.093775
0.034948	0.503860	-2.093745
0.034948	0.509474	-2.093708
0.035743	0.509474	-2.093659
0.035743	0.514386	-2.093455
0.036537	0.514386	-2.093401
0.036537	0.517193	-2.093360
0.037331	0.517193	-2.093072
0.037331	0.524211	-2.092661
0.038125	0.524211	-2.092639
0.038125	0.529123	-2.092286
0.038920	0.529123	-2.092014
0.038920	0.529825	-2.091947
0.039714	0.529825	-2.091831
0.039714	0.537544	-2.091249
0.040508	0.537544	-2.091063
0.040508	0.538246	-2.090008
0.041303	0.538246	-2.089674
0.041303	0.541053	-2.089655
0.042097	0.541053	-2.089582
0.042097	0.542456	-2.087816
0.042891	0.542456	-2.086847
0.042891	0.547368	-2.086478
0.043685	0.547368	-2.084050
0.043685	0.552281	-2.082405
0.044480	0.552281	-2.081658
0.044480	0.552982	-2.081553
0.045274	0.552982	-2.080835
0.045274	0.553684	-2.079293
0.046068	0.553684	-2.077797
0.046068	0.558596	-2.076803
0.046863	0.558596	-2.076719
0.046863	0.561404	-2.076203
0.048451	0.561404	-2.075851
0.048451	0.564211	-2.074928
0.049245	0.564211	-2.074684
0.049245	0.564912	-2.073889
0.050040	0.564912	-2.071184
0.050040	0.578947	-2.068753
0.050834	0.578947	-2.068146
0.050834	0.583860	-2.066485
0.051628	0.583860	-2.062791
0.051628	0.592281	-2.061277
0.052423	0.592281	-2.060748
0.052423	0.592982	-2.060741
0.054011	0.592982	-2.054636
0.054011	0.596491	-2.054555
0.054805	0.596491	-2.049751
0.054805	0.603509	-2.048812
0.055600	0.603509	-2.046262
0.055600	0.614737	-2.046165
0.056394	0.614737	-2.045802
0.056394	0.618246	-2.045213
0.057188	0.618246	-2.044008
0.057188	0.630877	-2.041814
0.057983	0.630877	-2.041226
0.057983	0.637193	-2.038249
0.058777	0.637193	-2.038039
0.058777	0.639298	-2.036745
0.059571	0.639298	-2.031047
0.059571	0.650526	-2.029582
0.060365	0.650526	-2.027174
0.060365	0.651228	-2.026633
0.061160	0.651228	-2.024270
0.061160	0.661754	-2.021552
0.061954	0.661754	-2.018581
0.061954	0.675088	-2.017022
0.062748	0.675088	-2.013834
0.062748	0.675789	-2.011956
0.064337	0.675789	-2.011272
0.064337	0.677895	-2.004302
0.065131	0.677895	-2.001500
0.065131	0.682105	-1.996907
0.065925	0.682105	-1.996823
0.065925	0.683509	-1.994184
0.066720	0.683509	-1.992544
0.066720	0.684912	-1.990845
0.068308	0.684912	-1.989794
0.068308	0.691930	-1.989530
0.069102	0.691930	-1.989432
0.069102	0.695439	-1.985754
0.069897	0.695439	-1.983514
0.069897	0.696140	-1.979686
0.070691	0.696140	-1.978034
0.070691	0.696842	-1.976258
0.072280	0.696842	-1.975965
0.072280	0.700351	-1.975225
0.073074	0.700351	-1.973612
0.073074	0.701053	-1.971639
0.073868	0.701053	-1.969124
0.073868	0.703158	-1.968648
0.074662	0.703158	-1.965944
0.074662	0.705965	-1.963687
0.075457	0.705965	-1.963184
0.075457	0.708772	-1.960403
0.076251	0.708772	-1.956848
0.076251	0.710175	-1.954642
0.077840	0.710175	-1.951810
0.077840	0.711579	-1.950443
0.078634	0.711579	-1.950302
0.078634	0.715088	-1.950040
0.079428	0.715088	-1.949905
0.079428	0.717193	-1.948002
0.081017	0.717193	-1.947878
0.081017	0.720702	-1.947153
0.081811	0.720702	-1.946437
0.081811	0.721404	-1.946409
0.082605	0.721404	-1.946405
0.082605	0.724211	-1.946403
0.083400	0.724211	-1.946397
0.083400	0.724912	-1.946394
0.084194	0.724912	-1.946319
0.084194	0.730526	-1.946188
0.084988	0.730526	-1.946171
0.084988	0.732632	-1.946030
0.085782	0.732632	-1.946024
0.085782	0.733333	-1.945960
0.087371	0.733333	-1.945883
0.087371	0.736842	-1.945854
0.088165	0.736842	-1.945847
0.088165	0.737544	-1.945763
0.088959	0.737544	-1.945657
0.088959	0.743158	-1.945583
0.090548	0.743158	-1.945525
0.090548	0.746667	-1.945494
0.091342	0.746667	-1.945329
0.091342	0.747368	-1.945202
0.093725	0.747368	-1.945195
0.093725	0.750175	-1.945094
0.094519	0.750175	-1.945088
0.094519	0.750877	-1.945084
0.096108	0.750877	-1.945054
0.096108	0.751579	-1.945049
0.098491	0.751579	-1.944862
0.098491	0.755088	-1.944649
0.099285	0.755088	-1.944543
0.099285	0.755789	-1.944478
0.100079	0.755789	-1.944300
0.100079	0.756491	-1.944188
0.100874	0.756491	-1.944098
0.100874	0.757193	-1.943605
0.101668	0.757193	-1.943523
0.101668	0.761404	-1.943434
0.102462	0.761404	-1.943432
0.102462	0.767018	-1.942926
0.103257	0.767018	-1.942903
0.103257	0.768421	-1.942902
0.104051	0.768421	-1.942851
0.104051	0.769123	-1.942801
0.104845	0.769123	-1.942374
0.104845	0.774737	-1.941785
0.106434	0.774737	-1.941689
0.106434	0.776842	-1.941650
0.107228	0.776842	-1.941461
0.107228	0.780351	-1.941319
0.108817	0.780351	-1.941210
0.108817	0.781053	-1.941154
0.109611	0.781053	-1.941105
0.109611	0.781754	-1.941067
0.110405	0.781754	-1.941011
0.110405	0.782456	-1.940946
0.111994	0.782456	-1.940912
0.111994	0.788070	-1.940891
0.112788	0.788070	-1.940881
0.112788	0.789474	-1.940810
0.113582	0.789474	-1.940745
0.113582	0.794386	-1.940720
0.114376	0.794386	-1.940685
0.114376	0.796491	-1.940653
0.115171	0.796491	-1.940580
0.115171	0.797895	-1.940575
0.115965	0.797895	-1.940569
0.115965	0.798596	-1.940555
0.117554	0.798596	-1.940506
0.117554	0.800000	-1.940500
0.119142	0.800000	-1.940477
0.119142	0.804211	-1.940454
0.119936	0.804211	-1.940443
0.119936	0.815439	-1.940436
0.120731	0.815439	-1.940396
0.120731	0.816140	-1.940389
0.122319	0.816140	-1.940351
0.122319	0.818246	-1.940347
0.123114	0.818246	-1.940315
0.123114	0.819649	-1.940284
0.124702	0.819649	-1.940268
0.124702	0.821053	-1.940262
0.126291	0.821053	-1.940222
0.126291	0.823158	-1.940218
0.127085	0.823158	-1.940200
0.127085	0.826667	-1.940198
0.127879	0.826667	-1.940188
0.127879	0.827368	-1.940185
0.128674	0.827368	-1.940185
0.128674	0.829474	-1.940140
0.129468	0.829474	-1.940111
0.129468	0.830877	-1.940104
0.130262	0.830877	-1.940089
0.130262	0.835088	-1.940075
0.132645	0.835088	-1.940071
0.132645	0.835789	-1.940051
0.133439	0.835789	-1.940039
0.133439	0.838596	-1.940030
0.134234	0.838596	-1.940029
0.134234	0.840000	-1.940013
0.136616	0.840000	-1.940008
0.136616	0.845614	-1.940008
0.138999	0.845614	-1.940005
0.138999	0.849825	-1.940003
0.141382	0.849825	-1.939999
0.141382	0.851228	-1.939999
0.143765	0.851228	-1.939997
0.143765	0.853333	-1.939995
0.145353	0.853333	-1.939994
0.145353	0.854737	-1.939991
0.146942	0.854737	-1.939986
0.146942	0.857544	-1.939982
0.147736	0.857544	-1.939982
0.147736	0.858947	-1.939977
0.148531	0.858947	-1.939974
0.148531	0.860351	-1.939969
0.149325	0.860351	-1.939963
0.149325	0.864561	-1.939963
0.150119	0.864561	-1.939962
0.150119	0.865263	-1.939962
0.151708	0.865263	-1.939960
0.151708	0.866667	-1.939958
0.154091	0.866667	-1.939957
0.154091	0.868070	-1.939953
0.158062	0.868070	-1.939952
0.158062	0.868772	-1.939949
0.160445	0.868772	-1.939949
0.160445	0.870175	-1.939949
0.162033	0.870175	-1.939947
0.162033	0.872281	-1.939947
0.162828	0.872281	-1.939946
0.162828	0.873684	-1.939946
0.164416	0.873684	-1.939944
0.164416	0.877193	-1.939943
0.165210	0.877193	-1.939942
0.165210	0.880000	-1.939941
0.166005	0.880000	-1.939940
0.166005	0.881404	-1.939940
0.168388	0.881404	-1.939940
0.168388	0.883509	-1.939939
0.169182	0.883509	-1.939939
0.169182	0.884912	-1.939939
0.170770	0.884912	-1.939939
0.170770	0.886316	-1.939938
0.173948	0.886316	-1.939938
0.173948	0.887018	-1.939938
0.174742	0.887018	-1.939938
0.174742	0.889123	-1.939938
0.175536	0.889123	-1.939937
0.175536	0.891930	-1.939937
0.176330	0.891930	-1.939937
0.176330	0.892632	-1.939937
0.177125	0.892632	-1.939937
0.177125	0.893333	-1.939937
0.177919	0.893333	-1.939937
0.177919	0.894035	-1.939937
0.179508	0.894035	-1.939936
0.179508	0.898246	-1.939936
0.182685	0.898246	-1.939936
0.182685	0.901053	-1.939936
0.183479	0.901053	-1.939936
0.183479	0.901754	-1.939936
0.184273	0.901754	-1.939936
0.184273	0.903158	-1.939936
0.185068	0.903158	-1.939935
0.185068	0.903860	-1.939935
0.186656	0.903860	-1.939934
0.186656	0.908070	-1.939934
0.189039	0.908070	-1.939931
0.189039	0.908772	-1.939920
0.189833	0.908772	-1.939913
0.189833	0.910877	-1.939910
0.190627	0.910877	-1.939907
0.190627	0.912281	-1.939870
0.194599	0.912281	-1.939852
0.194599	0.912982	-1.939831
0.195393	0.912982	-1.939778
0.195393	0.914386	-1.939521
0.196187	0.914386	-1.939500
0.196187	0.915789	-1.939288
0.196982	0.915789	-1.939093
0.196982	0.918596	-1.939038
0.200159	0.918596	-1.938867
0.200159	0.924211	-1.938542
0.200953	0.924211	-1.937961
0.200953	0.924912	-1.937737
0.201747	0.924912	-1.937696
0.201747	0.926316	-1.936032
0.202542	0.926316	-1.935565
0.202542	0.927018	-1.935428
0.203336	0.927018	-1.934231
0.203336	0.927719	-1.934093
0.208896	0.927719	-1.933726
0.208896	0.928421	-1.931470
0.210485	0.928421	-1.931352
0.210485	0.929123	-1.930771
0.212073	0.929123	-1.930416
0.212073	0.931930	-1.929641
0.213662	0.931930	-1.928100
0.213662	0.934035	-1.927464
0.214456	0.934035	-1.926536
0.214456	0.934737	-1.925882
0.216044	0.934737	-1.925360
0.216044	0.935439	-1.924596
0.220810	0.935439	-1.923697
0.220810	0.936140	-1.921666
0.223987	0.936140	-1.921559
0.223987	0.938246	-1.921461
0.226370	0.938246	-1.921387
0.226370	0.938947	-1.921358
0.229547	0.938947	-1.921204
0.229547	0.939649	-1.921203
0.232724	0.939649	-1.921179
0.232724	0.941053	-1.921143
0.233519	0.941053	-1.920987
0.233519	0.943860	-1.920896
0.234313	0.943860	-1.920835
0.234313	0.944561	-1.920792
0.237490	0.944561	-1.920742
0.237490	0.945263	-1.920681
0.238284	0.945263	-1.920659
0.238284	0.945965	-1.920608
0.240667	0.945965	-1.920608
0.240667	0.948772	-1.920606
0.247021	0.948772	-1.920606
0.247021	0.950175	-1.920606
0.248610	0.950175	-1.920605
0.248610	0.950877	-1.920605
0.250199	0.950877	-1.920605
0.250199	0.952281	-1.920603
0.252581	0.952281	-1.920601
0.252581	0.952982	-1.920599
0.254964	0.952982	-1.920575
0.254964	0.953684	-1.920575
0.258936	0.953684	-1.920560
0.258936	0.956491	-1.920559
0.266878	0.956491	-1.920547
0.266878	0.957193	-1.920546
0.267673	0.957193	-1.920525
0.267673	0.957895	-1.920514
0.269261	0.957895	-1.920493
0.269261	0.958596	-1.920488
0.271644	0.958596	-1.920478
0.271644	0.959298	-1.920386
0.272438	0.959298	-1.920369
0.272438	0.960702	-1.920139
0.274821	0.960702	-1.920124
0.274821	0.961404	-1.920061
0.281176	0.961404	-1.920051
0.281176	0.962105	-1.920015
0.281970	0.962105	-1.919954
0.281970	0.962807	-1.919908
0.282764	0.962807	-1.919862
0.282764	0.964211	-1.919814
0.288324	0.964211	-1.919708
0.288324	0.965614	-1.919705
0.292295	0.965614	-1.919647
0.292295	0.966316	-1.919637
0.296267	0.966316	-1.919458
0.296267	0.967018	-1.919055
0.299444	0.967018	-1.918188
0.299444	0.968421	-1.917811
0.301033	0.968421	-1.916995
0.301033	0.969123	-1.916887
0.301827	0.969123	-1.916861
0.301827	0.969825	-1.916802
0.302621	0.969825	-1.916238
0.302621	0.971228	-1.915949
0.304210	0.971228	-1.915945
0.304210	0.971930	-1.915153
0.316124	0.971930	-1.914660
0.316124	0.972632	-1.914485
0.319301	0.972632	-1.914102
0.319301	0.974035	-1.914083
0.320095	0.974035	-1.913831
0.320095	0.974737	-1.913038
0.324067	0.974737	-1.912312
0.324067	0.975439	-1.910946
0.328832	0.975439	-1.909001
0.328832	0.976140	-1.905544
0.333598	0.976140	-1.898594
0.333598	0.976842	-1.898288
0.338364	0.976842	-1.893000
0.338364	0.977544	-1.892687
0.341541	0.977544	-1.891490
0.341541	0.978246	-1.890699
0.355044	0.978246	-1.888512
0.355044	0.978947	-1.866375
0.362192	0.978947	-1.863044
0.362192	0.979649	-1.854131
0.367752	0.979649	-1.852238
0.367752	0.980351	-1.848892
0.369341	0.980351	-1.845654
0.369341	0.981053	-1.844115
0.371724	0.981053	-1.842901
0.371724	0.981754	-1.842668
0.378872	0.981754	-1.842225
0.378872	0.982456	-1.838339
0.380461	0.982456	-1.835360
0.380461	0.983158	-1.834797
0.393169	0.983158	-1.826174
0.393169	0.983860	-1.824557
0.402701	0.983860	-1.817393
0.402701	0.985263	-1.813464
0.405083	0.985263	-1.798592
0.405083	0.985965	-1.777673
0.411438	0.985965	-1.774141
0.411438	0.986667	-1.773623
0.451946	0.986667	-1.767230
0.451946	0.987368	-1.764785
0.454329	0.987368	-1.759870
0.454329	0.988070	-1.758875
0.463066	0.988070	-1.753043
0.463066	0.988772	-1.741754
0.482129	0.988772	-1.736597
0.482129	0.989474	-1.720173
0.484512	0.989474	-1.718780
0.484512	0.990175	-1.713921
0.490866	0.990175	-1.710358
0.490866	0.990877	-1.704301
0.498014	0.990877	-1.703646
0.501191	0.990877	-1.689866
0.504369	0.990877	-1.679618
0.506751	0.990877	-1.670944
0.513106	0.990877	-1.651688
0.521843	0.990877	-1.649393
0.578237	0.992982	-1.645167
0.586974	0.992982	-1.643999
0.590945	0.992982	-1.641995
0.595711	0.992982	-1.639794
0.598094	0.992982	-1.632545
0.599682	0.992982	-1.628707
0.602859	0.992982	-1.624690
0.603654	0.992982	-1.617731
0.605242	0.992982	-1.617191
0.607625	0.992982	-1.616786
0.610008	0.992982	-1.615699
0.610802	0.992982	-1.606697
0.612391	0.992982	-1.602649
0.614774	0.992982	-1.601077
0.617951	0.992982	-1.600175
0.618745	0.993684	-1.598557
0.630659	0.993684	-1.596971
0.630659	0.994386	-1.595168
0.632248	0.994386	-1.595103
0.632248	0.995088	-1.593553
0.676728	0.995088	-1.592059
0.676728	0.995789	-1.586962
0.680699	0.995789	-1.581875
0.680699	0.996491	-1.576267
0.765687	0.996491	-1.571754
0.765687	0.997193	-1.563676
0.788721	0.997193	-1.558489
0.788721	0.997895	-1.553730
0.790310	0.997895	-1.551706
0.790310	0.998596	-1.542937
0.810961	0.998596	-1.537263
0.810961	0.999298	-1.535405
0.822875	0.999298	-1.534851
0.824464	0.999298	-1.533109
0.825258	0.999298	-1.529667
0.825258	1.000000	-1.525151
0.826847	1.000000	-1.524154
0.834790	1.000000	-1.521340
0.836378	1.000000	-1.503324
0.837967	1.000000	-1.495130
0.839555	1.000000	-1.490464
0.840349	1.000000	-1.488935
0.841938	1.000000	-1.464714
0.845115	1.000000	-1.460315
0.851469	1.000000	-1.455394
0.864178	1.000000	-1.445643
0.934075	1.000000	-1.444625
0.949960	1.000000	-1.438963
0.953137	1.000000	-1.438792
0.960286	1.000000	-1.433862
0.961080	1.000000	-1.432410
0.964257	1.000000	-1.430309
0.967434	1.000000	-1.422204
0.969023	1.000000	-1.409267
0.972994	1.000000	-1.399763
0.974583	1.000000	-1.389068
1.000000	1.000000	-1.366989
