FPR	TPR	THR
0.000000	0.000000	-4.972656
0.000000	0.000713	-4.941406
0.000000	0.004993	-4.886719
0.000000	0.006419	-4.851562
0.000000	0.008559	-4.843750
0.000000	0.009986	-4.820312
0.000000	0.010699	-4.812500
0.000000	0.012126	-4.800781
0.000780	0.012126	-4.792969
0.000780	0.014265	-4.773438
0.000780	0.014979	-4.765625
0.000780	0.016405	-4.761719
0.000780	0.017118	-4.757812
0.000780	0.018545	-4.753906
0.000780	0.020685	-4.746094
0.000780	0.022111	-4.742188
0.000780	0.022825	-4.734375
0.000780	0.024964	-4.730469
0.000780	0.028531	-4.726562
0.000780	0.030670	-4.718750
0.000780	0.032097	-4.710938
0.000780	0.034237	-4.703125
0.000780	0.038516	-4.699219
0.000780	0.040656	-4.695312
0.000780	0.042796	-4.687500
0.000780	0.045649	-4.683594
0.000780	0.046362	-4.679688
0.001560	0.048502	-4.675781
0.001560	0.052782	-4.671875
0.001560	0.054208	-4.667969
0.001560	0.057061	-4.664062
0.001560	0.059914	-4.660156
0.001560	0.060628	-4.652344
0.001560	0.063481	-4.648438
0.001560	0.064194	-4.644531
0.002340	0.065621	-4.640625
0.002340	0.069900	-4.636719
0.002340	0.070613	-4.621094
0.002340	0.072040	-4.617188
0.002340	0.072753	-4.613281
0.002340	0.074180	-4.609375
0.002340	0.077033	-4.605469
0.002340	0.079173	-4.597656
0.002340	0.080599	-4.593750
0.002340	0.081312	-4.589844
0.002340	0.082739	-4.585938
0.002340	0.083452	-4.582031
0.002340	0.086305	-4.574219
0.002340	0.087732	-4.570312
0.002340	0.089158	-4.566406
0.002340	0.091298	-4.562500
0.002340	0.094151	-4.558594
0.002340	0.097004	-4.554688
0.002340	0.100571	-4.550781
0.003120	0.101284	-4.546875
0.003120	0.102710	-4.542969
0.003120	0.103424	-4.539062
0.003120	0.104850	-4.535156
0.003120	0.107703	-4.531250
0.003120	0.109843	-4.527344
0.003120	0.111983	-4.523438
0.003120	0.114836	-4.519531
0.003120	0.115549	-4.515625
0.003120	0.117689	-4.511719
0.003120	0.118402	-4.507812
0.003120	0.119829	-4.503906
0.003900	0.121255	-4.496094
0.003900	0.122682	-4.492188
0.003900	0.124822	-4.488281
0.003900	0.125535	-4.484375
0.003900	0.128388	-4.480469
0.004680	0.129815	-4.476562
0.004680	0.131241	-4.468750
0.005460	0.131241	-4.464844
0.006240	0.132668	-4.460938
0.006240	0.134807	-4.457031
0.006240	0.136234	-4.449219
0.006240	0.136947	-4.445312
0.006240	0.139087	-4.441406
0.006240	0.139800	-4.437500
0.006240	0.141227	-4.433594
0.006240	0.145506	-4.425781
0.006240	0.147646	-4.421875
0.006240	0.153352	-4.417969
0.006240	0.164051	-4.414062
0.006240	0.167618	-4.410156
0.006240	0.169757	-4.402344
0.006240	0.172611	-4.398438
0.006240	0.175464	-4.394531
0.006240	0.178317	-4.390625
0.007020	0.179030	-4.386719
0.007020	0.183310	-4.382812
0.007020	0.184736	-4.378906
0.007020	0.191155	-4.375000
0.007020	0.194009	-4.371094
0.007020	0.195435	-4.367188
0.007020	0.198288	-4.363281
0.007020	0.199001	-4.359375
0.007020	0.200428	-4.355469
0.007020	0.202568	-4.351562
0.007020	0.206134	-4.347656
0.007020	0.206847	-4.343750
0.007020	0.208274	-4.339844
0.007020	0.208987	-4.335938
0.007020	0.213267	-4.332031
0.007020	0.214693	-4.328125
0.007020	0.217546	-4.324219
0.007020	0.221113	-4.320312
0.007020	0.223252	-4.316406
0.007020	0.223966	-4.312500
0.007800	0.224679	-4.308594
0.007800	0.226106	-4.304688
0.007800	0.232525	-4.296875
0.007800	0.233951	-4.292969
0.007800	0.240371	-4.289062
0.007800	0.241084	-4.285156
0.007800	0.243224	-4.281250
0.007800	0.243937	-4.277344
0.008580	0.246790	-4.273438
0.008580	0.248930	-4.269531
0.008580	0.249643	-4.265625
0.008580	0.251070	-4.261719
0.009360	0.251070	-4.257812
0.009360	0.253210	-4.253906
0.009360	0.253923	-4.250000
0.009360	0.256776	-4.246094
0.009360	0.257489	-4.242188
0.009360	0.261056	-4.238281
0.009360	0.266762	-4.234375
0.009360	0.267475	-4.230469
0.009360	0.270328	-4.226562
0.010920	0.270328	-4.222656
0.010920	0.271755	-4.218750
0.010920	0.272468	-4.214844
0.010920	0.275321	-4.210938
0.011700	0.277461	-4.207031
0.011700	0.278174	-4.203125
0.012480	0.278887	-4.195312
0.013261	0.278887	-4.191406
0.013261	0.282454	-4.187500
0.013261	0.284593	-4.183594
0.013261	0.286733	-4.179688
0.013261	0.292439	-4.175781
0.013261	0.293153	-4.171875
0.013261	0.296006	-4.164062
0.013261	0.298146	-4.156250
0.013261	0.299572	-4.152344
0.013261	0.301712	-4.148438
0.013261	0.303138	-4.144531
0.013261	0.305278	-4.136719
0.013261	0.309558	-4.132812
0.013261	0.310271	-4.128906
0.013261	0.311698	-4.125000
0.013261	0.312411	-4.121094
0.013261	0.313837	-4.117188
0.014041	0.313837	-4.113281
0.014041	0.316690	-4.109375
0.014041	0.318117	-4.105469
0.014041	0.319544	-4.101562
0.014041	0.321683	-4.097656
0.014821	0.323110	-4.093750
0.014821	0.324536	-4.089844
0.014821	0.325250	-4.085938
0.014821	0.328816	-4.082031
0.015601	0.329529	-4.078125
0.015601	0.331669	-4.074219
0.015601	0.333096	-4.070312
0.015601	0.335235	-4.066406
0.015601	0.337375	-4.062500
0.015601	0.338088	-4.058594
0.015601	0.339515	-4.054688
0.015601	0.342368	-4.050781
0.015601	0.343795	-4.046875
0.015601	0.345934	-4.042969
0.015601	0.346648	-4.039062
0.017941	0.348787	-4.035156
0.017941	0.350927	-4.031250
0.017941	0.352354	-4.027344
0.017941	0.354494	-4.023438
0.017941	0.355207	-4.019531
0.018721	0.355920	-4.015625
0.018721	0.357347	-4.011719
0.018721	0.358773	-4.007812
0.019501	0.360200	-4.003906
0.019501	0.360913	-4.000000
0.020281	0.362340	-3.996094
0.020281	0.364479	-3.994141
0.021061	0.365193	-3.992188
0.021061	0.365906	-3.988281
0.021061	0.368046	-3.986328
0.021841	0.368759	-3.982422
0.021841	0.370185	-3.978516
0.021841	0.371612	-3.976562
0.023401	0.371612	-3.972656
0.024181	0.373039	-3.968750
0.024181	0.373752	-3.964844
0.024181	0.375178	-3.960938
0.024181	0.375892	-3.958984
0.024181	0.378745	-3.957031
0.024181	0.379458	-3.953125
0.024181	0.381598	-3.947266
0.024961	0.383024	-3.943359
0.024961	0.384451	-3.939453
0.025741	0.384451	-3.937500
0.025741	0.385164	-3.935547
0.025741	0.386591	-3.933594
0.025741	0.387304	-3.929688
0.025741	0.390157	-3.927734
0.025741	0.390870	-3.919922
0.025741	0.392297	-3.916016
0.025741	0.393723	-3.914062
0.025741	0.395150	-3.912109
0.025741	0.395863	-3.910156
0.025741	0.398003	-3.906250
0.025741	0.400856	-3.904297
0.025741	0.401569	-3.902344
0.025741	0.403709	-3.900391
0.026521	0.404422	-3.898438
0.026521	0.405136	-3.896484
0.026521	0.407275	-3.894531
0.026521	0.407989	-3.892578
0.026521	0.409415	-3.890625
0.026521	0.411555	-3.888672
0.026521	0.414408	-3.886719
0.026521	0.415835	-3.882812
0.026521	0.416548	-3.880859
0.026521	0.419401	-3.878906
0.027301	0.419401	-3.876953
0.027301	0.423680	-3.871094
0.028081	0.424394	-3.867188
0.028081	0.425107	-3.863281
0.028081	0.427960	-3.859375
0.028081	0.430100	-3.857422
0.028081	0.431526	-3.855469
0.028081	0.433666	-3.851562
0.028861	0.435093	-3.849609
0.029641	0.435806	-3.847656
0.029641	0.436519	-3.845703
0.030421	0.437946	-3.841797
0.030421	0.438659	-3.833984
0.031201	0.440086	-3.832031
0.031201	0.441512	-3.830078
0.031201	0.442225	-3.828125
0.031201	0.445078	-3.826172
0.031981	0.445792	-3.824219
0.032761	0.447218	-3.822266
0.032761	0.450071	-3.820312
0.032761	0.450785	-3.810547
0.032761	0.452924	-3.806641
0.032761	0.455777	-3.796875
0.032761	0.457917	-3.794922
0.033541	0.458631	-3.785156
0.033541	0.460770	-3.783203
0.033541	0.462197	-3.779297
0.033541	0.462910	-3.775391
0.033541	0.464337	-3.771484
0.034321	0.464337	-3.767578
0.034321	0.467190	-3.765625
0.034321	0.467903	-3.763672
0.034321	0.469330	-3.759766
0.034321	0.473609	-3.755859
0.034321	0.476462	-3.753906
0.034321	0.477175	-3.751953
0.035881	0.477175	-3.748047
0.035881	0.478602	-3.746094
0.035881	0.479315	-3.742188
0.035881	0.482168	-3.740234
0.036661	0.482168	-3.738281
0.036661	0.482882	-3.734375
0.036661	0.484308	-3.724609
0.036661	0.487161	-3.722656
0.037441	0.487161	-3.718750
0.037441	0.490014	-3.716797
0.039002	0.491441	-3.712891
0.039002	0.492867	-3.710938
0.039002	0.493581	-3.708984
0.039782	0.493581	-3.705078
0.039782	0.495007	-3.699219
0.040562	0.495720	-3.697266
0.040562	0.497147	-3.695312
0.040562	0.499287	-3.691406
0.040562	0.500000	-3.689453
0.041342	0.500713	-3.687500
0.041342	0.504280	-3.685547
0.042122	0.505706	-3.681641
0.042122	0.507846	-3.679688
0.042122	0.509272	-3.677734
0.042122	0.510699	-3.675781
0.042122	0.512839	-3.669922
0.042902	0.512839	-3.664062
0.042902	0.513552	-3.658203
0.042902	0.514979	-3.656250
0.042902	0.516405	-3.654297
0.042902	0.517832	-3.648438
0.043682	0.518545	-3.644531
0.043682	0.519258	-3.642578
0.044462	0.520685	-3.638672
0.044462	0.522111	-3.634766
0.045242	0.522111	-3.632812
0.045242	0.523538	-3.630859
0.046022	0.524964	-3.626953
0.046022	0.526391	-3.623047
0.046802	0.528531	-3.615234
0.047582	0.528531	-3.607422
0.048362	0.529957	-3.605469
0.048362	0.531384	-3.601562
0.048362	0.532810	-3.595703
0.048362	0.535663	-3.591797
0.048362	0.537090	-3.589844
0.048362	0.539943	-3.580078
0.048362	0.542083	-3.574219
0.049142	0.542083	-3.572266
0.049922	0.543509	-3.570312
0.049922	0.544936	-3.568359
0.050702	0.544936	-3.564453
0.050702	0.545649	-3.562500
0.050702	0.547789	-3.558594
0.050702	0.548502	-3.556641
0.050702	0.552068	-3.554688
0.050702	0.554208	-3.552734
0.051482	0.554922	-3.550781
0.051482	0.556348	-3.548828
0.051482	0.557775	-3.546875
0.051482	0.558488	-3.544922
0.052262	0.559201	-3.542969
0.052262	0.560628	-3.539062
0.053042	0.561341	-3.533203
0.054602	0.561341	-3.531250
0.054602	0.563481	-3.529297
0.055382	0.563481	-3.523438
0.055382	0.564194	-3.521484
0.055382	0.565621	-3.517578
0.055382	0.567047	-3.515625
0.056162	0.569187	-3.507812
0.056162	0.571327	-3.501953
0.056162	0.572040	-3.500000
0.056162	0.574893	-3.494141
0.056162	0.575606	-3.490234
0.056162	0.577746	-3.480469
0.056162	0.579173	-3.476562
0.056942	0.580599	-3.472656
0.057722	0.581312	-3.470703
0.057722	0.582739	-3.468750
0.057722	0.583452	-3.462891
0.058502	0.584165	-3.460938
0.058502	0.586305	-3.458984
0.059282	0.586305	-3.451172
0.059282	0.587732	-3.447266
0.060062	0.587732	-3.439453
0.060062	0.588445	-3.437500
0.060842	0.589158	-3.429688
0.060842	0.590585	-3.427734
0.060842	0.592725	-3.423828
0.061622	0.592725	-3.419922
0.061622	0.594151	-3.416016
0.062402	0.594151	-3.412109
0.062402	0.597004	-3.410156
0.062402	0.599144	-3.408203
0.063183	0.599144	-3.398438
0.063963	0.600571	-3.388672
0.063963	0.601284	-3.386719
0.064743	0.601284	-3.382812
0.064743	0.601997	-3.378906
0.065523	0.601997	-3.376953
0.065523	0.603424	-3.373047
0.066303	0.603424	-3.371094
0.066303	0.604137	-3.369141
0.067083	0.604850	-3.353516
0.067083	0.605563	-3.351562
0.068643	0.605563	-3.339844
0.068643	0.606990	-3.335938
0.069423	0.607703	-3.333984
0.069423	0.609130	-3.332031
0.069423	0.609843	-3.326172
0.069423	0.611983	-3.324219
0.070203	0.612696	-3.314453
0.070203	0.616262	-3.308594
0.070203	0.617689	-3.300781
0.070203	0.618402	-3.296875
0.070983	0.620542	-3.294922
0.070983	0.621969	-3.277344
0.071763	0.625535	-3.273438
0.071763	0.626961	-3.271484
0.071763	0.629101	-3.269531
0.071763	0.629815	-3.267578
0.071763	0.631954	-3.263672
0.071763	0.636234	-3.259766
0.071763	0.637660	-3.251953
0.071763	0.638374	-3.248047
0.072543	0.639087	-3.244141
0.073323	0.640514	-3.236328
0.073323	0.641940	-3.234375
0.074883	0.644793	-3.226562
0.074883	0.647646	-3.210938
0.075663	0.647646	-3.208984
0.075663	0.649786	-3.207031
0.075663	0.651213	-3.205078
0.075663	0.651926	-3.195312
0.076443	0.652639	-3.191406
0.076443	0.653352	-3.185547
0.076443	0.655492	-3.177734
0.076443	0.656205	-3.175781
0.076443	0.657632	-3.171875
0.076443	0.658345	-3.166016
0.076443	0.659772	-3.150391
0.077223	0.659772	-3.144531
0.077223	0.661912	-3.138672
0.078003	0.662625	-3.132812
0.078003	0.664765	-3.130859
0.078783	0.666191	-3.126953
0.079563	0.666191	-3.119141
0.079563	0.666904	-3.109375
0.080343	0.668331	-3.107422
0.081123	0.668331	-3.101562
0.081123	0.669044	-3.095703
0.081123	0.670471	-3.089844
0.081123	0.671184	-3.082031
0.081903	0.671184	-3.062500
0.081903	0.673324	-3.056641
0.081903	0.674750	-3.050781
0.082683	0.675464	-3.037109
0.082683	0.676177	-3.035156
0.083463	0.677603	-3.031250
0.084243	0.677603	-3.025391
0.084243	0.678317	-3.023438
0.084243	0.681170	-3.019531
0.084243	0.682596	-3.017578
0.084243	0.685449	-3.013672
0.084243	0.686163	-3.009766
0.085023	0.686163	-3.005859
0.085023	0.687589	-2.998047
0.085803	0.687589	-2.996094
0.085803	0.689016	-2.988281
0.085803	0.689729	-2.980469
0.086583	0.690442	-2.966797
0.086583	0.691155	-2.962891
0.086583	0.692582	-2.947266
0.086583	0.696148	-2.941406
0.087363	0.696148	-2.933594
0.087363	0.699715	-2.931641
0.088144	0.700428	-2.929688
0.088144	0.701854	-2.919922
0.088144	0.708274	-2.916016
0.088924	0.709700	-2.914062
0.088924	0.711127	-2.910156
0.089704	0.711127	-2.902344
0.089704	0.711840	-2.900391
0.090484	0.712553	-2.898438
0.090484	0.716120	-2.890625
0.090484	0.718260	-2.888672
0.090484	0.718973	-2.886719
0.090484	0.721826	-2.880859
0.090484	0.722539	-2.871094
0.091264	0.722539	-2.869141
0.091264	0.723966	-2.859375
0.092044	0.723966	-2.857422
0.092044	0.725392	-2.855469
0.092044	0.726106	-2.847656
0.092824	0.727532	-2.841797
0.092824	0.728959	-2.833984
0.092824	0.730385	-2.824219
0.094384	0.730385	-2.818359
0.094384	0.731098	-2.816406
0.095164	0.731098	-2.806641
0.095164	0.732525	-2.798828
0.095944	0.732525	-2.796875
0.095944	0.733951	-2.794922
0.096724	0.734665	-2.792969
0.096724	0.735378	-2.781250
0.096724	0.736805	-2.779297
0.096724	0.738944	-2.773438
0.097504	0.738944	-2.767578
0.097504	0.741084	-2.763672
0.098284	0.741084	-2.761719
0.098284	0.744650	-2.757812
0.099064	0.744650	-2.751953
0.099064	0.745364	-2.744141
0.099064	0.746790	-2.738281
0.099064	0.748217	-2.726562
0.099064	0.749643	-2.710938
0.099064	0.751070	-2.703125
0.099844	0.751783	-2.695312
0.099844	0.752496	-2.693359
0.100624	0.752496	-2.687500
0.100624	0.753923	-2.681641
0.100624	0.755350	-2.675781
0.101404	0.758203	-2.671875
0.102184	0.758203	-2.658203
0.102184	0.761056	-2.654297
0.102964	0.761056	-2.642578
0.102964	0.761769	-2.640625
0.103744	0.761769	-2.632812
0.103744	0.763195	-2.628906
0.103744	0.765335	-2.623047
0.104524	0.765335	-2.621094
0.105304	0.766049	-2.619141
0.106084	0.766049	-2.617188
0.106084	0.769615	-2.615234
0.109204	0.769615	-2.599609
0.109204	0.770328	-2.595703
0.109984	0.770328	-2.589844
0.109984	0.771755	-2.587891
0.109984	0.773181	-2.546875
0.110764	0.773181	-2.523438
0.110764	0.774608	-2.519531
0.111544	0.774608	-2.507812
0.111544	0.776748	-2.505859
0.112324	0.776748	-2.503906
0.112324	0.778174	-2.500000
0.112324	0.779601	-2.496094
0.112324	0.781740	-2.478516
0.113105	0.781740	-2.468750
0.113105	0.783880	-2.453125
0.114665	0.783880	-2.451172
0.114665	0.785307	-2.449219
0.114665	0.788160	-2.443359
0.115445	0.788160	-2.437500
0.117005	0.788873	-2.429688
0.117005	0.791013	-2.427734
0.118565	0.791013	-2.423828
0.118565	0.791726	-2.414062
0.119345	0.791726	-2.396484
0.119345	0.793866	-2.392578
0.119345	0.795292	-2.386719
0.120125	0.796006	-2.384766
0.120125	0.796719	-2.378906
0.120905	0.796719	-2.376953
0.120905	0.797432	-2.373047
0.122465	0.797432	-2.371094
0.122465	0.798146	-2.369141
0.124025	0.798146	-2.359375
0.124025	0.800285	-2.355469
0.124805	0.800285	-2.353516
0.124805	0.800999	-2.351562
0.125585	0.800999	-2.349609
0.125585	0.804565	-2.341797
0.126365	0.804565	-2.337891
0.126365	0.806705	-2.333984
0.127145	0.806705	-2.318359
0.127145	0.807418	-2.312500
0.128705	0.807418	-2.304688
0.128705	0.809558	-2.302734
0.129485	0.809558	-2.298828
0.129485	0.810984	-2.296875
0.130265	0.810984	-2.294922
0.130265	0.811698	-2.251953
0.130265	0.813124	-2.224609
0.130265	0.815264	-2.222656
0.131045	0.815264	-2.214844
0.131045	0.815977	-2.210938
0.131825	0.815977	-2.193359
0.131825	0.822397	-2.189453
0.132605	0.822397	-2.160156
0.132605	0.823823	-2.156250
0.133385	0.824536	-2.150391
0.133385	0.826676	-2.134766
0.133385	0.828103	-2.125000
0.133385	0.830243	-2.111328
0.134165	0.830243	-2.101562
0.134165	0.830956	-2.099609
0.134165	0.832382	-2.097656
0.134165	0.833096	-2.095703
0.134945	0.833096	-2.091797
0.134945	0.833809	-2.085938
0.135725	0.833809	-2.076172
0.135725	0.836662	-2.074219
0.137285	0.836662	-2.072266
0.137285	0.838088	-2.062500
0.138066	0.838088	-2.060547
0.138066	0.838802	-2.056641
0.138066	0.840228	-2.054688
0.138066	0.841655	-2.044922
0.138846	0.842368	-2.025391
0.138846	0.843081	-2.023438
0.140406	0.843081	-2.017578
0.140406	0.844508	-2.015625
0.140406	0.847361	-2.011719
0.140406	0.848787	-2.003906
0.140406	0.849501	-2.000000
0.141186	0.849501	-1.996094
0.141186	0.851641	-1.978516
0.143526	0.851641	-1.976562
0.143526	0.853067	-1.970703
0.144306	0.853067	-1.964844
0.144306	0.853780	-1.943359
0.145086	0.853780	-1.942383
0.145086	0.854494	-1.937500
0.145866	0.854494	-1.936523
0.145866	0.857347	-1.932617
0.146646	0.857347	-1.925781
0.146646	0.860200	-1.923828
0.147426	0.860200	-1.916016
0.147426	0.864479	-1.911133
0.148206	0.864479	-1.909180
0.148206	0.865193	-1.895508
0.148986	0.865193	-1.885742
0.148986	0.865906	-1.874023
0.149766	0.865906	-1.863281
0.149766	0.866619	-1.860352
0.151326	0.866619	-1.853516
0.151326	0.867332	-1.842773
0.152106	0.867332	-1.835938
0.152106	0.868046	-1.825195
0.152886	0.868046	-1.814453
0.152886	0.869472	-1.802734
0.154446	0.869472	-1.797852
0.154446	0.871612	-1.791016
0.156006	0.871612	-1.788086
0.156786	0.872325	-1.783203
0.156786	0.873039	-1.780273
0.159126	0.873039	-1.767578
0.159126	0.874465	-1.766602
0.160686	0.874465	-1.759766
0.160686	0.877318	-1.743164
0.161466	0.877318	-1.732422
0.161466	0.878031	-1.727539
0.162246	0.878031	-1.697266
0.162246	0.879458	-1.695312
0.163807	0.879458	-1.688477
0.163807	0.880171	-1.668945
0.164587	0.880171	-1.656250
0.164587	0.881598	-1.631836
0.165367	0.881598	-1.626953
0.165367	0.882311	-1.622070
0.167707	0.882311	-1.609375
0.167707	0.883024	-1.605469
0.168487	0.883024	-1.602539
0.168487	0.884451	-1.599609
0.169267	0.884451	-1.593750
0.169267	0.888017	-1.592773
0.170047	0.888017	-1.583984
0.170047	0.888730	-1.571289
0.170827	0.888730	-1.568359
0.170827	0.889444	-1.556641
0.170827	0.890870	-1.555664
0.170827	0.893723	-1.531250
0.171607	0.893723	-1.530273
0.171607	0.895863	-1.524414
0.177067	0.895863	-1.523438
0.177067	0.900856	-1.497070
0.177847	0.900856	-1.458984
0.177847	0.901569	-1.439453
0.178627	0.901569	-1.433594
0.178627	0.904422	-1.428711
0.180967	0.904422	-1.427734
0.181747	0.905136	-1.391602
0.181747	0.905849	-1.388672
0.183307	0.905849	-1.386719
0.183307	0.907275	-1.383789
0.184087	0.907275	-1.380859
0.184087	0.907989	-1.364258
0.185647	0.907989	-1.357422
0.185647	0.908702	-1.347656
0.186427	0.909415	-1.345703
0.186427	0.912981	-1.339844
0.187207	0.912981	-1.328125
0.187207	0.913695	-1.323242
0.191108	0.913695	-1.301758
0.191108	0.914408	-1.298828
0.195788	0.914408	-1.291016
0.195788	0.915121	-1.290039
0.196568	0.915121	-1.283203
0.196568	0.915835	-1.278320
0.197348	0.915835	-1.268555
0.197348	0.916548	-1.251953
0.198908	0.916548	-1.247070
0.200468	0.916548	-1.246094
0.200468	0.917974	-1.241211
0.201248	0.917974	-1.232422
0.201248	0.919401	-1.212891
0.204368	0.919401	-1.211914
0.204368	0.920114	-1.206055
0.205148	0.920114	-1.203125
0.205148	0.920827	-1.200195
0.206708	0.920827	-1.186523
0.206708	0.921541	-1.185547
0.208268	0.921541	-1.183594
0.208268	0.923680	-1.169922
0.209048	0.923680	-1.166016
0.209048	0.924394	-1.163086
0.209828	0.924394	-1.143555
0.209828	0.925107	-1.139648
0.214509	0.925107	-1.136719
0.214509	0.926534	-1.135742
0.215289	0.926534	-1.134766
0.215289	0.927247	-1.131836
0.219969	0.927247	-1.125977
0.219969	0.927960	-1.118164
0.220749	0.927960	-1.115234
0.220749	0.928673	-1.106445
0.221529	0.928673	-1.105469
0.221529	0.929387	-1.073242
0.223089	0.929387	-1.062500
0.223089	0.930813	-1.059570
0.225429	0.930813	-1.056641
0.225429	0.933666	-1.044922
0.228549	0.933666	-1.040039
0.228549	0.935093	-1.039062
0.230109	0.935093	-1.020508
0.230109	0.937233	-0.994141
0.230889	0.937233	-0.990234
0.230889	0.937946	-0.980957
0.231669	0.937946	-0.972168
0.231669	0.942225	-0.964355
0.233229	0.942225	-0.963867
0.233229	0.942939	-0.958008
0.235569	0.942939	-0.949707
0.235569	0.943652	-0.889160
0.236349	0.943652	-0.881348
0.236349	0.944365	-0.877930
0.237129	0.944365	-0.847656
0.237129	0.945078	-0.846191
0.238690	0.945078	-0.842773
0.238690	0.945792	-0.841309
0.239470	0.945792	-0.839355
0.239470	0.946505	-0.821777
0.241810	0.946505	-0.787598
0.241810	0.947932	-0.783691
0.243370	0.947932	-0.769531
0.244150	0.947932	-0.753906
0.244930	0.948645	-0.716309
0.246490	0.948645	-0.707520
0.246490	0.949358	-0.706055
0.248050	0.949358	-0.704102
0.248050	0.950071	-0.691895
0.249610	0.950071	-0.689941
0.249610	0.950785	-0.686523
0.250390	0.950785	-0.671387
0.250390	0.951498	-0.645508
0.251170	0.951498	-0.637695
0.251170	0.952211	-0.630371
0.253510	0.952211	-0.627930
0.253510	0.952924	-0.627441
0.254290	0.952924	-0.626465
0.255850	0.952924	-0.619629
0.257410	0.952924	-0.617188
0.257410	0.953638	-0.598633
0.258970	0.953638	-0.598145
0.259750	0.954351	-0.588379
0.259750	0.955777	-0.583496
0.262090	0.955777	-0.566406
0.262871	0.956491	-0.558594
0.264431	0.956491	-0.553711
0.265991	0.956491	-0.539551
0.265991	0.957204	-0.529785
0.266771	0.957204	-0.528320
0.266771	0.958631	-0.527832
0.269111	0.958631	-0.524902
0.269111	0.960057	-0.523438
0.271451	0.960057	-0.521973
0.271451	0.960770	-0.489258
0.273791	0.960770	-0.481689
0.273791	0.961484	-0.480713
0.276911	0.961484	-0.479736
0.276911	0.962197	-0.468262
0.280031	0.962197	-0.454346
0.280031	0.962910	-0.449707
0.283931	0.962910	-0.430176
0.285491	0.962910	-0.427979
0.286271	0.962910	-0.411621
0.287832	0.962910	-0.409668
0.291732	0.962910	-0.407227
0.293292	0.962910	-0.370850
0.294072	0.962910	-0.365234
0.294072	0.963623	-0.356689
0.294852	0.963623	-0.343994
0.294852	0.965050	-0.341797
0.297972	0.965050	-0.341309
0.297972	0.965763	-0.331787
0.299532	0.965763	-0.325928
0.299532	0.966476	-0.313721
0.300312	0.966476	-0.310791
0.300312	0.967903	-0.308838
0.301872	0.967903	-0.303955
0.304212	0.967903	-0.294434
0.304212	0.968616	-0.263672
0.304992	0.969330	-0.262939
0.305772	0.969330	-0.247681
0.305772	0.971469	-0.238159
0.306552	0.971469	-0.220215
0.306552	0.972183	-0.217041
0.312012	0.972183	-0.212891
0.312012	0.972896	-0.207642
0.313573	0.972896	-0.204834
0.315913	0.972896	-0.156860
0.315913	0.973609	-0.147827
0.316693	0.973609	-0.139526
0.317473	0.974322	-0.133667
0.321373	0.974322	-0.104675
0.321373	0.975036	-0.097961
0.322153	0.975036	-0.085510
0.322153	0.976462	-0.077393
0.322933	0.976462	-0.072754
0.322933	0.977175	-0.067993
0.326053	0.977175	-0.053406
0.326053	0.977889	-0.040924
0.329173	0.977889	-0.017471
0.330733	0.977889	0.016739
0.330733	0.978602	0.018829
0.331513	0.978602	0.025085
0.331513	0.979315	0.029236
0.332293	0.979315	0.034119
0.333853	0.979315	0.034698
0.334633	0.979315	0.035370
0.334633	0.980029	0.045990
0.335413	0.980029	0.048096
0.335413	0.980742	0.048798
0.341654	0.980742	0.053589
0.341654	0.981455	0.067139
0.345554	0.981455	0.075562
0.348674	0.981455	0.077881
0.350234	0.981455	0.085205
0.350234	0.982168	0.130005
0.354914	0.982168	0.133789
0.354914	0.982882	0.134644
0.359594	0.982882	0.152954
0.359594	0.985021	0.155884
0.361154	0.985021	0.158936
0.362715	0.985021	0.163574
0.365055	0.985021	0.170288
0.366615	0.985021	0.190063
0.367395	0.985021	0.224976
0.367395	0.985735	0.230835
0.368175	0.986448	0.231689
0.370515	0.986448	0.239136
0.372075	0.986448	0.241089
0.372075	0.987161	0.253906
0.374415	0.987161	0.259033
0.375975	0.987161	0.265381
0.378315	0.987161	0.272705
0.378315	0.987874	0.278076
0.379875	0.987874	0.290283
0.381435	0.987874	0.312744
0.383775	0.987874	0.314453
0.383775	0.988588	0.322998
0.384555	0.988588	0.342773
0.385335	0.989301	0.343750
0.387676	0.989301	0.369385
0.387676	0.990014	0.371582
0.392356	0.990014	0.385010
0.393916	0.990014	0.390381
0.401716	0.990014	0.393799
0.401716	0.990728	0.398193
0.404056	0.990728	0.412354
0.404056	0.991441	0.420654
0.405616	0.991441	0.452881
0.405616	0.992154	0.483154
0.406396	0.992154	0.483398
0.407956	0.992154	0.489990
0.408736	0.992154	0.493896
0.410296	0.992154	0.494629
0.418097	0.992154	0.496338
0.421217	0.992154	0.497314
0.423557	0.992154	0.506348
0.425117	0.992154	0.509277
0.426677	0.992154	0.522949
0.428237	0.992154	0.525879
0.436037	0.992154	0.532227
0.439158	0.992154	0.541504
0.443838	0.992154	0.552246
0.445398	0.992154	0.562012
0.446178	0.992154	0.563477
0.449298	0.992154	0.566406
0.450858	0.992154	0.573730
0.452418	0.992154	0.579590
0.455538	0.992154	0.580566
0.457098	0.992154	0.582031
0.459438	0.992154	0.586914
0.460998	0.992154	0.589844
0.464899	0.992154	0.607422
0.466459	0.992154	0.614258
0.475039	0.992154	0.618164
0.476599	0.992154	0.625488
0.479719	0.992154	0.653320
0.481279	0.992154	0.658203
0.482059	0.992154	0.661621
0.485179	0.992154	0.662598
0.487520	0.992154	0.663574
0.489860	0.992154	0.665039
0.492980	0.992154	0.666504
0.496100	0.992154	0.671387
0.497660	0.992154	0.674805
0.498440	0.992154	0.682129
0.498440	0.992867	0.685059
0.500780	0.992867	0.688965
0.502340	0.992867	0.689453
0.503120	0.992867	0.690430
0.503120	0.993581	0.712402
0.504680	0.993581	0.713379
0.505460	0.993581	0.722168
0.507020	0.993581	0.724609
0.507800	0.993581	0.728516
0.509360	0.993581	0.729004
0.510920	0.994294	0.739258
0.512480	0.994294	0.748047
0.515601	0.994294	0.749512
0.517161	0.994294	0.750000
0.518721	0.994294	0.762207
0.521061	0.994294	0.767578
0.522621	0.994294	0.782227
0.525741	0.994294	0.782715
0.526521	0.994294	0.783203
0.528081	0.994294	0.815430
0.528861	0.995007	0.822266
0.530421	0.995007	0.833008
0.531981	0.995007	0.859375
0.535881	0.995007	0.874023
0.537441	0.995007	0.877441
0.537441	0.995720	0.878418
0.538222	0.995720	0.886719
0.539782	0.995720	0.887207
0.542122	0.995720	0.933105
0.543682	0.995720	0.935547
0.546802	0.995720	0.936523
0.548362	0.995720	0.948730
0.549142	0.995720	0.952148
0.550702	0.995720	0.960449
0.551482	0.995720	0.960938
0.551482	0.997147	0.967285
0.552262	0.997147	0.967773
0.555382	0.997147	0.974121
0.557722	0.997147	0.979492
0.560842	0.997147	0.986816
0.562402	0.997147	0.991211
0.564743	0.997147	0.993652
0.567863	0.997147	1.001953
0.569423	0.997147	1.003906
0.569423	0.997860	1.023438
0.574103	0.997860	1.024414
0.574883	0.997860	1.030273
0.575663	0.998573	1.041016
0.576443	0.998573	1.048828
0.578003	0.998573	1.065430
0.579563	0.998573	1.068359
0.581123	0.998573	1.072266
0.585803	0.998573	1.087891
0.588924	0.998573	1.089844
0.589704	0.998573	1.116211
0.591264	0.998573	1.126953
0.592824	0.998573	1.135742
0.594384	0.998573	1.145508
0.595944	0.998573	1.148438
0.599064	0.998573	1.162109
0.599844	0.998573	1.171875
0.602184	0.998573	1.184570
0.605304	0.998573	1.196289
0.606864	0.998573	1.201172
0.607644	0.998573	1.205078
0.609204	0.998573	1.206055
0.613105	0.998573	1.209961
0.617785	0.998573	1.213867
0.618565	0.998573	1.235352
0.618565	0.999287	1.243164
0.621685	0.999287	1.246094
0.623245	0.999287	1.250977
0.624025	0.999287	1.256836
0.625585	0.999287	1.263672
0.627145	0.999287	1.271484
0.628705	0.999287	1.294922
0.630265	0.999287	1.295898
0.632605	0.999287	1.305664
0.638846	0.999287	1.312500
0.640406	0.999287	1.316406
0.641186	0.999287	1.318359
0.644306	0.999287	1.322266
0.646646	0.999287	1.328125
0.647426	0.999287	1.347656
0.648986	0.999287	1.357422
0.650546	0.999287	1.361328
0.653666	0.999287	1.362305
0.655226	0.999287	1.365234
0.659906	0.999287	1.369141
0.664587	0.999287	1.372070
0.666927	0.999287	1.381836
0.668487	0.999287	1.390625
0.670047	0.999287	1.393555
0.670827	0.999287	1.394531
0.673167	0.999287	1.399414
0.677847	0.999287	1.416016
0.679407	0.999287	1.418945
0.684087	0.999287	1.420898
0.685647	0.999287	1.424805
0.687207	0.999287	1.426758
0.687988	0.999287	1.430664
0.691108	0.999287	1.434570
0.698128	0.999287	1.442383
0.702028	0.999287	1.453125
0.705148	0.999287	1.454102
0.705928	0.999287	1.462891
0.707488	0.999287	1.467773
0.708268	0.999287	1.476562
0.710608	0.999287	1.478516
0.712168	0.999287	1.481445
0.714509	0.999287	1.486328
0.719969	0.999287	1.509766
0.721529	0.999287	1.512695
0.724649	0.999287	1.516602
0.725429	0.999287	1.517578
0.728549	0.999287	1.520508
0.732449	0.999287	1.523438
0.733229	0.999287	1.525391
0.737910	0.999287	1.534180
0.738690	0.999287	1.537109
0.741810	0.999287	1.538086
0.744150	0.999287	1.540039
0.748050	0.999287	1.541992
0.755070	0.999287	1.545898
0.759750	0.999287	1.548828
0.762871	0.999287	1.556641
0.764431	0.999287	1.569336
0.767551	0.999287	1.579102
0.769111	0.999287	1.580078
0.772231	0.999287	1.588867
0.773791	0.999287	1.593750
0.776911	0.999287	1.598633
0.780031	0.999287	1.611328
0.780811	0.999287	1.621094
0.785491	0.999287	1.624023
0.786271	0.999287	1.625977
0.789392	0.999287	1.626953
0.791732	0.999287	1.628906
0.794852	0.999287	1.630859
0.799532	0.999287	1.634766
0.804992	0.999287	1.635742
0.807332	0.999287	1.642578
0.808892	0.999287	1.643555
0.809672	0.999287	1.647461
0.811232	0.999287	1.655273
0.813573	0.999287	1.656250
0.817473	0.999287	1.672852
0.819033	0.999287	1.673828
0.822153	0.999287	1.685547
0.822933	0.999287	1.689453
0.824493	0.999287	1.700195
0.827613	0.999287	1.705078
0.828393	0.999287	1.706055
0.830733	0.999287	1.709961
0.835413	0.999287	1.718750
0.837754	0.999287	1.722656
0.838534	0.999287	1.724609
0.841654	0.999287	1.727539
0.843214	0.999287	1.742188
0.846334	0.999287	1.743164
0.847114	0.999287	1.746094
0.848674	0.999287	1.764648
0.851014	0.999287	1.767578
0.853354	0.999287	1.771484
0.857254	0.999287	1.776367
0.858814	0.999287	1.782227
0.861934	0.999287	1.791016
0.862715	0.999287	1.801758
0.870515	0.999287	1.808594
0.873635	0.999287	1.809570
0.878315	0.999287	1.817383
0.881435	0.999287	1.836914
0.886115	0.999287	1.846680
0.887676	0.999287	1.848633
0.890796	0.999287	1.866211
0.897036	0.999287	1.871094
0.898596	0.999287	1.875977
0.901716	0.999287	1.881836
0.903276	0.999287	1.882812
0.907956	0.999287	1.885742
0.909516	0.999287	1.897461
0.911076	0.999287	1.900391
0.915757	0.999287	1.902344
0.917317	0.999287	1.909180
0.918097	0.999287	1.912109
0.925117	0.999287	1.913086
0.928237	0.999287	1.918945
0.929017	0.999287	1.922852
0.932917	0.999287	1.923828
0.935257	0.999287	1.932617
0.938378	0.999287	1.935547
0.940718	0.999287	1.939453
0.942278	0.999287	1.943359
0.943058	0.999287	1.944336
0.946178	0.999287	1.945312
0.950858	0.999287	1.954102
0.952418	0.999287	1.964844
0.953198	0.999287	1.969727
0.955538	0.999287	1.972656
0.957098	0.999287	1.974609
0.958658	0.999287	1.975586
0.961778	0.999287	1.980469
0.962559	0.999287	1.981445
0.964119	0.999287	1.982422
0.964119	1.000000	1.985352
0.964899	1.000000	1.993164
0.966459	1.000000	1.994141
0.968799	1.000000	1.995117
0.971919	1.000000	1.996094
0.974259	1.000000	2.007812
0.976599	1.000000	2.009766
0.977379	1.000000	2.015625
0.978939	1.000000	2.017578
0.982839	1.000000	2.025391
0.985179	1.000000	2.029297
0.986739	1.000000	2.033203
0.990640	1.000000	2.035156
0.992200	1.000000	2.037109
0.995320	1.000000	2.039062
0.998440	1.000000	2.044922
1.000000	1.000000	2.060547
