FPR	TPR	THR
0.000000	0.000000	-1.947266
0.000000	0.000727	-1.909180
0.000000	0.004360	-1.870117
0.000000	0.005814	-1.869141
0.000000	0.007267	-1.867188
0.000767	0.007267	-1.849609
0.000767	0.010901	-1.844727
0.001534	0.011628	-1.842773
0.001534	0.013808	-1.841797
0.001534	0.016715	-1.836914
0.001534	0.018169	-1.834961
0.001534	0.019622	-1.832031
0.001534	0.021802	-1.831055
0.001534	0.023256	-1.825195
0.001534	0.023983	-1.816406
0.002301	0.023983	-1.810547
0.002301	0.026163	-1.808594
0.003067	0.026890	-1.806641
0.003067	0.027616	-1.802734
0.003067	0.030523	-1.801758
0.003067	0.034884	-1.797852
0.003067	0.036337	-1.796875
0.003067	0.041424	-1.792969
0.003834	0.041424	-1.789062
0.003834	0.042878	-1.786133
0.003834	0.044331	-1.782227
0.003834	0.045058	-1.781250
0.003834	0.046512	-1.779297
0.003834	0.047238	-1.778320
0.003834	0.050145	-1.776367
0.003834	0.053052	-1.774414
0.004601	0.053779	-1.771484
0.004601	0.055233	-1.770508
0.004601	0.055959	-1.766602
0.004601	0.057413	-1.763672
0.004601	0.058140	-1.762695
0.004601	0.061047	-1.761719
0.005368	0.061047	-1.760742
0.005368	0.061773	-1.755859
0.005368	0.064680	-1.754883
0.005368	0.067587	-1.750000
0.005368	0.069041	-1.747070
0.005368	0.069767	-1.746094
0.005368	0.071221	-1.744141
0.005368	0.074128	-1.743164
0.005368	0.075581	-1.742188
0.006135	0.075581	-1.738281
0.006135	0.076308	-1.734375
0.006135	0.077762	-1.731445
0.006135	0.078488	-1.730469
0.006135	0.082849	-1.729492
0.006135	0.084302	-1.726562
0.006902	0.084302	-1.724609
0.007669	0.085756	-1.723633
0.007669	0.086483	-1.722656
0.007669	0.088663	-1.720703
0.007669	0.090843	-1.719727
0.007669	0.092297	-1.718750
0.007669	0.093023	-1.717773
0.007669	0.095930	-1.716797
0.007669	0.097384	-1.714844
0.008436	0.098110	-1.712891
0.008436	0.101017	-1.710938
0.008436	0.102471	-1.709961
0.008436	0.104651	-1.706055
0.008436	0.107558	-1.704102
0.008436	0.109012	-1.703125
0.008436	0.110465	-1.702148
0.008436	0.111192	-1.701172
0.009202	0.115552	-1.699219
0.009202	0.117006	-1.697266
0.009202	0.117733	-1.695312
0.009202	0.119186	-1.694336
0.009202	0.121366	-1.691406
0.009202	0.124273	-1.686523
0.009202	0.125727	-1.685547
0.009202	0.130087	-1.678711
0.009202	0.132267	-1.676758
0.009202	0.132994	-1.672852
0.009202	0.134448	-1.671875
0.009969	0.137355	-1.669922
0.009969	0.138081	-1.667969
0.009969	0.139535	-1.666016
0.010736	0.139535	-1.664062
0.010736	0.140262	-1.662109
0.010736	0.141715	-1.661133
0.010736	0.146076	-1.660156
0.010736	0.146802	-1.659180
0.010736	0.148256	-1.658203
0.010736	0.148983	-1.657227
0.011503	0.150436	-1.656250
0.012270	0.151163	-1.654297
0.013037	0.155523	-1.653320
0.013037	0.156977	-1.652344
0.013037	0.159884	-1.648438
0.013037	0.162064	-1.647461
0.013804	0.163517	-1.646484
0.013804	0.164971	-1.644531
0.013804	0.167878	-1.642578
0.013804	0.169331	-1.641602
0.013804	0.170785	-1.640625
0.013804	0.171512	-1.639648
0.013804	0.174419	-1.634766
0.013804	0.176599	-1.633789
0.014571	0.177326	-1.631836
0.014571	0.178779	-1.630859
0.015337	0.179506	-1.629883
0.015337	0.180233	-1.628906
0.016104	0.181686	-1.626953
0.016871	0.181686	-1.625000
0.016871	0.182413	-1.624023
0.016871	0.184593	-1.623047
0.016871	0.185320	-1.621094
0.016871	0.187500	-1.620117
0.016871	0.188953	-1.619141
0.016871	0.191134	-1.617188
0.018405	0.193314	-1.615234
0.018405	0.196221	-1.614258
0.018405	0.199855	-1.612305
0.018405	0.201308	-1.609375
0.019172	0.202035	-1.606445
0.019172	0.203488	-1.605469
0.019172	0.205669	-1.604492
0.019172	0.208576	-1.603516
0.019172	0.212936	-1.601562
0.019939	0.213663	-1.600586
0.019939	0.216570	-1.599609
0.020706	0.217297	-1.598633
0.020706	0.219477	-1.596680
0.020706	0.220930	-1.595703
0.020706	0.223837	-1.593750
0.020706	0.224564	-1.592773
0.020706	0.226017	-1.591797
0.020706	0.228198	-1.589844
0.020706	0.229651	-1.588867
0.020706	0.231105	-1.586914
0.020706	0.233285	-1.585938
0.021472	0.234012	-1.584961
0.021472	0.235465	-1.583984
0.022239	0.236192	-1.583008
0.022239	0.237645	-1.582031
0.022239	0.239099	-1.581055
0.022239	0.240552	-1.580078
0.022239	0.241279	-1.578125
0.022239	0.243459	-1.577148
0.022239	0.244913	-1.576172
0.022239	0.245640	-1.575195
0.022239	0.247820	-1.571289
0.022239	0.248547	-1.570312
0.022239	0.250000	-1.568359
0.022239	0.252907	-1.567383
0.022239	0.254360	-1.565430
0.022239	0.255087	-1.562500
0.023006	0.255087	-1.561523
0.024540	0.255814	-1.560547
0.024540	0.258721	-1.559570
0.024540	0.259448	-1.558594
0.024540	0.261628	-1.557617
0.025307	0.263081	-1.556641
0.026074	0.263081	-1.555664
0.026074	0.264535	-1.553711
0.026074	0.266715	-1.552734
0.026074	0.268169	-1.551758
0.026840	0.270349	-1.550781
0.027607	0.271076	-1.549805
0.027607	0.272529	-1.548828
0.027607	0.275436	-1.544922
0.027607	0.276163	-1.543945
0.027607	0.278343	-1.542969
0.027607	0.282703	-1.541992
0.029141	0.285610	-1.540039
0.029908	0.286337	-1.539062
0.029908	0.289244	-1.538086
0.030675	0.290698	-1.536133
0.032209	0.290698	-1.534180
0.032209	0.292151	-1.533203
0.032975	0.292878	-1.532227
0.032975	0.294331	-1.530273
0.032975	0.296512	-1.528320
0.032975	0.297965	-1.527344
0.032975	0.300145	-1.526367
0.032975	0.300872	-1.525391
0.034509	0.302326	-1.522461
0.034509	0.303779	-1.521484
0.034509	0.304506	-1.520508
0.034509	0.305959	-1.516602
0.034509	0.308140	-1.515625
0.035276	0.309593	-1.514648
0.035276	0.311773	-1.513672
0.035276	0.312500	-1.512695
0.036043	0.313953	-1.510742
0.036043	0.315407	-1.509766
0.036810	0.317587	-1.506836
0.036810	0.318314	-1.505859
0.037577	0.319767	-1.504883
0.037577	0.321221	-1.502930
0.037577	0.325581	-1.501953
0.037577	0.326308	-1.500000
0.038344	0.327035	-1.498047
0.038344	0.328488	-1.496094
0.038344	0.329215	-1.495117
0.038344	0.332849	-1.494141
0.038344	0.333576	-1.493164
0.039110	0.335756	-1.492188
0.039110	0.337209	-1.490234
0.039110	0.337936	-1.489258
0.039110	0.340843	-1.488281
0.039110	0.341570	-1.487305
0.039877	0.341570	-1.485352
0.039877	0.343750	-1.482422
0.039877	0.345930	-1.481445
0.039877	0.347384	-1.478516
0.039877	0.349564	-1.477539
0.039877	0.351017	-1.476562
0.039877	0.351744	-1.474609
0.041411	0.351744	-1.469727
0.041411	0.352471	-1.468750
0.041411	0.355378	-1.467773
0.041411	0.356831	-1.463867
0.042178	0.358285	-1.462891
0.042178	0.360465	-1.459961
0.042178	0.361919	-1.458984
0.042178	0.365552	-1.458008
0.042178	0.367006	-1.456055
0.042945	0.368459	-1.455078
0.042945	0.369186	-1.453125
0.043712	0.369186	-1.451172
0.043712	0.371366	-1.449219
0.043712	0.372820	-1.447266
0.044479	0.372820	-1.446289
0.045245	0.373547	-1.445312
0.046012	0.373547	-1.443359
0.046012	0.374273	-1.441406
0.046012	0.375727	-1.439453
0.046012	0.376453	-1.435547
0.046012	0.379360	-1.433594
0.046012	0.380087	-1.431641
0.046012	0.381541	-1.430664
0.046012	0.382994	-1.429688
0.046012	0.386628	-1.428711
0.046012	0.388808	-1.427734
0.046012	0.389535	-1.426758
0.046779	0.390262	-1.423828
0.046779	0.393169	-1.422852
0.047546	0.393895	-1.421875
0.047546	0.396076	-1.420898
0.047546	0.398983	-1.417969
0.048313	0.399709	-1.415039
0.048313	0.400436	-1.414062
0.049080	0.400436	-1.413086
0.049080	0.404070	-1.412109
0.049847	0.404797	-1.411133
0.049847	0.406977	-1.410156
0.049847	0.407703	-1.407227
0.049847	0.409884	-1.406250
0.049847	0.410610	-1.405273
0.049847	0.412064	-1.402344
0.049847	0.414244	-1.398438
0.049847	0.414971	-1.397461
0.049847	0.417878	-1.396484
0.049847	0.420785	-1.394531
0.049847	0.421512	-1.393555
0.049847	0.422965	-1.392578
0.049847	0.424419	-1.391602
0.049847	0.427326	-1.390625
0.049847	0.428779	-1.389648
0.049847	0.430233	-1.387695
0.049847	0.430959	-1.384766
0.050613	0.431686	-1.381836
0.050613	0.432413	-1.378906
0.050613	0.433866	-1.375000
0.050613	0.436047	-1.374023
0.050613	0.437500	-1.372070
0.051380	0.438227	-1.368164
0.051380	0.438953	-1.367188
0.051380	0.440407	-1.365234
0.051380	0.441134	-1.364258
0.051380	0.443314	-1.363281
0.052147	0.445494	-1.361328
0.052147	0.446948	-1.360352
0.053681	0.446948	-1.359375
0.053681	0.451308	-1.358398
0.053681	0.453488	-1.356445
0.053681	0.456395	-1.354492
0.053681	0.457849	-1.353516
0.053681	0.459302	-1.348633
0.053681	0.460756	-1.347656
0.054448	0.462209	-1.343750
0.054448	0.463663	-1.341797
0.055215	0.465116	-1.337891
0.055982	0.465116	-1.336914
0.055982	0.468023	-1.335938
0.055982	0.470203	-1.334961
0.056748	0.470203	-1.333008
0.056748	0.471657	-1.332031
0.056748	0.472384	-1.331055
0.057515	0.473110	-1.328125
0.058282	0.474564	-1.327148
0.059049	0.474564	-1.326172
0.059049	0.475291	-1.324219
0.059816	0.476744	-1.323242
0.059816	0.478198	-1.322266
0.061350	0.478198	-1.316406
0.061350	0.478924	-1.314453
0.062117	0.479651	-1.309570
0.062117	0.481831	-1.305664
0.062117	0.483285	-1.304688
0.062117	0.484012	-1.303711
0.062117	0.486192	-1.302734
0.062117	0.488372	-1.298828
0.063650	0.489099	-1.297852
0.064417	0.489099	-1.296875
0.064417	0.490552	-1.294922
0.064417	0.491279	-1.291992
0.064417	0.494186	-1.291016
0.065184	0.495640	-1.288086
0.065184	0.497820	-1.286133
0.065184	0.498547	-1.283203
0.066718	0.501453	-1.282227
0.066718	0.503634	-1.280273
0.066718	0.505087	-1.276367
0.067485	0.505814	-1.270508
0.067485	0.507994	-1.269531
0.067485	0.508721	-1.268555
0.067485	0.510901	-1.266602
0.067485	0.513081	-1.265625
0.068252	0.513081	-1.264648
0.068252	0.514535	-1.261719
0.068252	0.515988	-1.259766
0.069018	0.517442	-1.250977
0.069018	0.518895	-1.249023
0.069018	0.521076	-1.247070
0.069785	0.521802	-1.246094
0.069785	0.523256	-1.245117
0.069785	0.526163	-1.244141
0.069785	0.526890	-1.243164
0.070552	0.528343	-1.242188
0.070552	0.529070	-1.240234
0.071319	0.530523	-1.238281
0.071319	0.531250	-1.237305
0.071319	0.533430	-1.236328
0.072086	0.534157	-1.234375
0.072086	0.537064	-1.232422
0.072086	0.538517	-1.231445
0.073620	0.538517	-1.228516
0.073620	0.539244	-1.227539
0.073620	0.541424	-1.221680
0.074387	0.542151	-1.220703
0.075920	0.542878	-1.219727
0.075920	0.543605	-1.218750
0.076687	0.543605	-1.217773
0.076687	0.545785	-1.216797
0.076687	0.547238	-1.215820
0.077454	0.547965	-1.214844
0.077454	0.550145	-1.213867
0.077454	0.551599	-1.212891
0.077454	0.552326	-1.211914
0.078221	0.552326	-1.204102
0.078221	0.553779	-1.203125
0.078988	0.554506	-1.202148
0.078988	0.555959	-1.201172
0.079755	0.555959	-1.199219
0.079755	0.556686	-1.198242
0.080521	0.556686	-1.196289
0.080521	0.557413	-1.193359
0.081288	0.558140	-1.191406
0.081288	0.558866	-1.188477
0.082055	0.559593	-1.187500
0.082055	0.560320	-1.185547
0.082822	0.560320	-1.184570
0.082822	0.562500	-1.180664
0.084356	0.562500	-1.179688
0.084356	0.563227	-1.177734
0.085123	0.563953	-1.176758
0.085123	0.569041	-1.175781
0.085890	0.571221	-1.170898
0.088190	0.571221	-1.169922
0.088190	0.572674	-1.167969
0.088190	0.575581	-1.163086
0.088190	0.577035	-1.161133
0.088957	0.577035	-1.155273
0.088957	0.577762	-1.153320
0.088957	0.580669	-1.150391
0.088957	0.581395	-1.149414
0.088957	0.582849	-1.148438
0.088957	0.583576	-1.147461
0.089724	0.583576	-1.146484
0.089724	0.585756	-1.145508
0.090491	0.585756	-1.144531
0.090491	0.587936	-1.139648
0.092025	0.587936	-1.135742
0.092025	0.588663	-1.134766
0.092791	0.589390	-1.133789
0.092791	0.590843	-1.130859
0.092791	0.592297	-1.129883
0.092791	0.593023	-1.126953
0.092791	0.595203	-1.125000
0.094325	0.595203	-1.124023
0.094325	0.597384	-1.123047
0.095092	0.597384	-1.121094
0.095092	0.603198	-1.119141
0.095092	0.604651	-1.118164
0.095092	0.607558	-1.117188
0.095092	0.609012	-1.116211
0.097393	0.609012	-1.115234
0.097393	0.609738	-1.114258
0.098160	0.610465	-1.113281
0.098160	0.611192	-1.110352
0.098926	0.611192	-1.107422
0.098926	0.613372	-1.106445
0.099693	0.613372	-1.105469
0.099693	0.614826	-1.104492
0.100460	0.616279	-1.100586
0.100460	0.619186	-1.099609
0.101227	0.619186	-1.093750
0.101227	0.624273	-1.091797
0.101994	0.624273	-1.090820
0.101994	0.625727	-1.084961
0.102761	0.625727	-1.082031
0.102761	0.626453	-1.079102
0.103528	0.627907	-1.078125
0.103528	0.630087	-1.077148
0.104294	0.630087	-1.076172
0.104294	0.632267	-1.075195
0.105061	0.633721	-1.072266
0.105061	0.635174	-1.071289
0.105828	0.635901	-1.070312
0.106595	0.635901	-1.069336
0.106595	0.640262	-1.068359
0.107362	0.640988	-1.067383
0.107362	0.642442	-1.066406
0.107362	0.647529	-1.063477
0.108129	0.647529	-1.061523
0.108129	0.648256	-1.060547
0.108129	0.649709	-1.058594
0.108129	0.650436	-1.057617
0.108896	0.650436	-1.055664
0.108896	0.651163	-1.053711
0.109663	0.651890	-1.052734
0.111196	0.651890	-1.051758
0.111196	0.652616	-1.049805
0.111963	0.652616	-1.048828
0.111963	0.656250	-1.047852
0.111963	0.657703	-1.044922
0.111963	0.659157	-1.042969
0.112730	0.659884	-1.041016
0.112730	0.662064	-1.040039
0.112730	0.663517	-1.039062
0.112730	0.665698	-1.036133
0.113497	0.666424	-1.035156
0.113497	0.667151	-1.033203
0.114264	0.667878	-1.027344
0.114264	0.668605	-1.026367
0.115798	0.670058	-1.022461
0.115798	0.670785	-1.018555
0.116564	0.670785	-1.015625
0.116564	0.672238	-1.014648
0.116564	0.672965	-1.013672
0.117331	0.672965	-1.010742
0.117331	0.674419	-1.009766
0.118098	0.674419	-1.008789
0.118098	0.675872	-1.007812
0.118098	0.677326	-1.004883
0.118865	0.677326	-1.002930
0.119632	0.678052	-1.000000
0.119632	0.678779	-0.998535
0.120399	0.678779	-0.997070
0.120399	0.680233	-0.993652
0.121166	0.680959	-0.991211
0.121166	0.681686	-0.990234
0.122699	0.681686	-0.989258
0.122699	0.683140	-0.988770
0.122699	0.685320	-0.984375
0.124233	0.686047	-0.983887
0.124233	0.686773	-0.982422
0.125000	0.686773	-0.981934
0.125000	0.687500	-0.978027
0.125767	0.687500	-0.977051
0.125767	0.691860	-0.976562
0.126534	0.691860	-0.973633
0.126534	0.693314	-0.971680
0.126534	0.694767	-0.961426
0.126534	0.696221	-0.959961
0.127301	0.696221	-0.959473
0.127301	0.698401	-0.956543
0.128067	0.699128	-0.952148
0.129601	0.699128	-0.951660
0.129601	0.699855	-0.949707
0.130368	0.700581	-0.941406
0.131135	0.700581	-0.939453
0.131135	0.702762	-0.937012
0.132669	0.702762	-0.936523
0.132669	0.704942	-0.935547
0.134202	0.704942	-0.932129
0.134202	0.705669	-0.929199
0.134969	0.705669	-0.928223
0.134969	0.706395	-0.926270
0.137270	0.706395	-0.921875
0.137270	0.707849	-0.920898
0.138037	0.707849	-0.913086
0.138037	0.709302	-0.911621
0.139571	0.710756	-0.906250
0.140337	0.710756	-0.904297
0.140337	0.712209	-0.903809
0.141871	0.712209	-0.902344
0.141871	0.712936	-0.901367
0.142638	0.713663	-0.898438
0.142638	0.715116	-0.897949
0.143405	0.715116	-0.893066
0.143405	0.715843	-0.889648
0.144172	0.715843	-0.887207
0.144172	0.717297	-0.885254
0.144172	0.718750	-0.883301
0.144939	0.718750	-0.880371
0.144939	0.721657	-0.877930
0.145706	0.721657	-0.877441
0.146472	0.722384	-0.876953
0.146472	0.726744	-0.874512
0.147239	0.727471	-0.873535
0.149540	0.727471	-0.871582
0.149540	0.728924	-0.871094
0.150307	0.728924	-0.868652
0.150307	0.729651	-0.867676
0.150307	0.732558	-0.864258
0.150307	0.733285	-0.863281
0.151074	0.733285	-0.862793
0.151074	0.735465	-0.861816
0.151840	0.735465	-0.858887
0.151840	0.736192	-0.854980
0.151840	0.739099	-0.854004
0.151840	0.742006	-0.853516
0.153374	0.742006	-0.848633
0.154141	0.742006	-0.847656
0.154141	0.744913	-0.847168
0.154908	0.744913	-0.846191
0.154908	0.747820	-0.845703
0.154908	0.749273	-0.843750
0.154908	0.750000	-0.843262
0.157209	0.750000	-0.842773
0.157209	0.751453	-0.841797
0.157209	0.752180	-0.840820
0.157975	0.752907	-0.839355
0.158742	0.752907	-0.838379
0.158742	0.755087	-0.836914
0.159509	0.755087	-0.833496
0.160276	0.756541	-0.828613
0.160276	0.757994	-0.826660
0.161810	0.757994	-0.823730
0.162577	0.758721	-0.823242
0.163344	0.758721	-0.822754
0.163344	0.761628	-0.820801
0.164110	0.761628	-0.819336
0.164110	0.763081	-0.818848
0.165644	0.763808	-0.817383
0.166411	0.763808	-0.812012
0.167945	0.763808	-0.811523
0.168712	0.763808	-0.810547
0.168712	0.764535	-0.808105
0.168712	0.765988	-0.807617
0.170245	0.765988	-0.807129
0.170245	0.768169	-0.804688
0.171012	0.768169	-0.804199
0.171012	0.770349	-0.803711
0.171779	0.770349	-0.801758
0.171779	0.771076	-0.799316
0.171779	0.772529	-0.798828
0.172546	0.773256	-0.798340
0.173313	0.773256	-0.793457
0.173313	0.775436	-0.791016
0.174080	0.775436	-0.788574
0.174080	0.776163	-0.787109
0.174847	0.776163	-0.782715
0.174847	0.776890	-0.781738
0.175613	0.776890	-0.778809
0.175613	0.778343	-0.777832
0.177147	0.778343	-0.776855
0.177147	0.779070	-0.775879
0.179448	0.779070	-0.774902
0.179448	0.781250	-0.774414
0.181748	0.781250	-0.771973
0.181748	0.781977	-0.769531
0.184049	0.781977	-0.769043
0.184049	0.783430	-0.766602
0.184816	0.784157	-0.765137
0.186350	0.784157	-0.757324
0.186350	0.784884	-0.756836
0.187883	0.784884	-0.756348
0.187883	0.785610	-0.755859
0.188650	0.786337	-0.754395
0.188650	0.787791	-0.752930
0.188650	0.789244	-0.751953
0.188650	0.792151	-0.750000
0.190184	0.792151	-0.748535
0.190184	0.792878	-0.747559
0.191718	0.792878	-0.746094
0.191718	0.793605	-0.740723
0.192485	0.793605	-0.738770
0.192485	0.795058	-0.737793
0.192485	0.797238	-0.737305
0.193252	0.797238	-0.736816
0.193252	0.801599	-0.733887
0.194785	0.801599	-0.730469
0.194785	0.803052	-0.728516
0.195552	0.803779	-0.726562
0.196319	0.803779	-0.723145
0.196319	0.805233	-0.722168
0.197086	0.805233	-0.711426
0.197086	0.807413	-0.710938
0.199387	0.807413	-0.709473
0.199387	0.808866	-0.705566
0.200153	0.808866	-0.703613
0.200153	0.811047	-0.699707
0.200920	0.811047	-0.699219
0.200920	0.813953	-0.698730
0.202454	0.813953	-0.697754
0.202454	0.815407	-0.697266
0.205521	0.815407	-0.695312
0.207055	0.815407	-0.692383
0.207822	0.815407	-0.688477
0.207822	0.817587	-0.682617
0.208589	0.817587	-0.681641
0.208589	0.818314	-0.681152
0.209356	0.818314	-0.680176
0.209356	0.824128	-0.679688
0.210123	0.824128	-0.672852
0.210123	0.827035	-0.672363
0.210890	0.827035	-0.670898
0.210890	0.827762	-0.669434
0.213190	0.827762	-0.667969
0.213190	0.830669	-0.666016
0.213957	0.830669	-0.661621
0.213957	0.831395	-0.661133
0.215491	0.831395	-0.660156
0.215491	0.834302	-0.659668
0.216258	0.834302	-0.658203
0.216258	0.836483	-0.656250
0.217025	0.836483	-0.652832
0.217025	0.837209	-0.649414
0.217791	0.837209	-0.648438
0.217791	0.838663	-0.647949
0.218558	0.838663	-0.645508
0.218558	0.839390	-0.641113
0.219325	0.839390	-0.639648
0.219325	0.840116	-0.638672
0.220092	0.840116	-0.636719
0.220092	0.841570	-0.632812
0.220859	0.841570	-0.631836
0.220859	0.842297	-0.631348
0.222393	0.842297	-0.629883
0.222393	0.843023	-0.629395
0.223926	0.843023	-0.626465
0.223926	0.844477	-0.625977
0.226227	0.844477	-0.624512
0.226227	0.845930	-0.620117
0.227761	0.845930	-0.618164
0.227761	0.847384	-0.617676
0.230828	0.847384	-0.615234
0.230828	0.849564	-0.611328
0.231595	0.850291	-0.609375
0.231595	0.851017	-0.604492
0.234663	0.851017	-0.597168
0.234663	0.852471	-0.591797
0.237730	0.852471	-0.587891
0.237730	0.853198	-0.585938
0.237730	0.854651	-0.583984
0.238497	0.854651	-0.583008
0.238497	0.856105	-0.581543
0.240031	0.856105	-0.580566
0.240031	0.856831	-0.580078
0.240798	0.856831	-0.577148
0.240798	0.857558	-0.575684
0.242331	0.857558	-0.574219
0.242331	0.859738	-0.570801
0.245399	0.859738	-0.567383
0.245399	0.861919	-0.566895
0.246166	0.861919	-0.565430
0.246166	0.862645	-0.564941
0.246933	0.862645	-0.563965
0.246933	0.863372	-0.562988
0.247699	0.863372	-0.547363
0.247699	0.864099	-0.546875
0.249233	0.864099	-0.538574
0.249233	0.864826	-0.534180
0.252301	0.864826	-0.532715
0.252301	0.865552	-0.532227
0.253067	0.865552	-0.531738
0.253067	0.866279	-0.530273
0.254601	0.866279	-0.527344
0.254601	0.868459	-0.523926
0.256135	0.868459	-0.522949
0.256135	0.869913	-0.522461
0.256902	0.869913	-0.520996
0.256902	0.870640	-0.518066
0.259969	0.870640	-0.517578
0.259969	0.871366	-0.514160
0.260736	0.871366	-0.512695
0.260736	0.872093	-0.509766
0.261503	0.872093	-0.506836
0.261503	0.873547	-0.502930
0.264571	0.873547	-0.501953
0.264571	0.875000	-0.501465
0.264571	0.875727	-0.500488
0.266104	0.875727	-0.500000
0.266104	0.876453	-0.498779
0.266871	0.876453	-0.496826
0.266871	0.877907	-0.496094
0.267638	0.877907	-0.495850
0.267638	0.878634	-0.494141
0.272239	0.878634	-0.493652
0.272239	0.879360	-0.490234
0.273006	0.879360	-0.481689
0.273006	0.881541	-0.481201
0.274540	0.881541	-0.479736
0.274540	0.882267	-0.475830
0.276840	0.882267	-0.475098
0.276840	0.884448	-0.474365
0.279141	0.884448	-0.473145
0.279141	0.886628	-0.472412
0.281442	0.886628	-0.471436
0.281442	0.887355	-0.458008
0.282975	0.887355	-0.454346
0.283742	0.888081	-0.451660
0.285276	0.888081	-0.451416
0.286043	0.888808	-0.449463
0.288344	0.888808	-0.446533
0.288344	0.889535	-0.443848
0.289877	0.889535	-0.443604
0.289877	0.891715	-0.440186
0.290644	0.891715	-0.438477
0.290644	0.893895	-0.436279
0.292178	0.893895	-0.426270
0.292178	0.894622	-0.425537
0.296012	0.894622	-0.421631
0.296779	0.895349	-0.419434
0.296779	0.896076	-0.417969
0.297546	0.896076	-0.416748
0.297546	0.898256	-0.412598
0.302147	0.898256	-0.412354
0.302147	0.898983	-0.410645
0.302914	0.898983	-0.403076
0.304448	0.898983	-0.399902
0.304448	0.900436	-0.399658
0.306748	0.900436	-0.399414
0.306748	0.901163	-0.395264
0.309049	0.901163	-0.391846
0.309049	0.901890	-0.388184
0.309816	0.902616	-0.387207
0.313650	0.902616	-0.386475
0.313650	0.903343	-0.385498
0.314417	0.903343	-0.378662
0.314417	0.904070	-0.376709
0.315184	0.904070	-0.371582
0.315184	0.904797	-0.370850
0.315951	0.904797	-0.370117
0.315951	0.905523	-0.368164
0.317485	0.905523	-0.367676
0.318252	0.906250	-0.366699
0.318252	0.906977	-0.365723
0.322853	0.906977	-0.365234
0.322853	0.907703	-0.364990
0.326687	0.907703	-0.363525
0.326687	0.908430	-0.360840
0.329755	0.908430	-0.359863
0.329755	0.909157	-0.356445
0.332055	0.909157	-0.354980
0.332055	0.909884	-0.351318
0.333589	0.909884	-0.350830
0.333589	0.910610	-0.347900
0.334356	0.910610	-0.345215
0.334356	0.911337	-0.343018
0.335123	0.911337	-0.342041
0.335123	0.912064	-0.339111
0.335890	0.912064	-0.338867
0.335890	0.914971	-0.336670
0.338957	0.914971	-0.333984
0.338957	0.915698	-0.333496
0.340491	0.915698	-0.333008
0.340491	0.917878	-0.330811
0.341258	0.917878	-0.330566
0.342025	0.918605	-0.328369
0.342025	0.919331	-0.326416
0.344325	0.919331	-0.326172
0.344325	0.920058	-0.325684
0.345092	0.920058	-0.323975
0.345859	0.920785	-0.321777
0.348926	0.920785	-0.313721
0.348926	0.922238	-0.311523
0.349693	0.922238	-0.311035
0.349693	0.923692	-0.309814
0.350460	0.924419	-0.309082
0.352761	0.924419	-0.308105
0.352761	0.927326	-0.302734
0.354294	0.927326	-0.298340
0.357362	0.927326	-0.291504
0.357362	0.928052	-0.291016
0.358896	0.928052	-0.284668
0.358896	0.928779	-0.280518
0.359663	0.928779	-0.276855
0.359663	0.930233	-0.271973
0.360429	0.930233	-0.271484
0.360429	0.931686	-0.270264
0.361196	0.931686	-0.269043
0.361963	0.932413	-0.267578
0.362730	0.932413	-0.264893
0.362730	0.933140	-0.261475
0.364264	0.933140	-0.256104
0.365031	0.933866	-0.255859
0.365031	0.934593	-0.255371
0.367331	0.934593	-0.254150
0.367331	0.935320	-0.250977
0.368098	0.935320	-0.242554
0.369632	0.935320	-0.239014
0.369632	0.936773	-0.238281
0.372699	0.936773	-0.236694
0.372699	0.938227	-0.235352
0.373466	0.938227	-0.234497
0.373466	0.938953	-0.234131
0.383436	0.938953	-0.231812
0.383436	0.939680	-0.230347
0.384969	0.939680	-0.229248
0.384969	0.940407	-0.226807
0.385736	0.940407	-0.225586
0.385736	0.941860	-0.225098
0.385736	0.942587	-0.223267
0.387270	0.942587	-0.221802
0.393405	0.942587	-0.215820
0.396472	0.942587	-0.213623
0.397239	0.942587	-0.212036
0.398773	0.942587	-0.210571
0.398773	0.944041	-0.203735
0.399540	0.944041	-0.198120
0.399540	0.944767	-0.193115
0.400307	0.944767	-0.192993
0.400307	0.945494	-0.186401
0.402607	0.945494	-0.178833
0.402607	0.946948	-0.177979
0.403374	0.946948	-0.175781
0.403374	0.948401	-0.173706
0.406442	0.948401	-0.173584
0.407975	0.948401	-0.172485
0.407975	0.949855	-0.172119
0.417178	0.949855	-0.171753
0.418712	0.949855	-0.170532
0.420245	0.949855	-0.169556
0.421779	0.949855	-0.164551
0.422546	0.949855	-0.162720
0.423313	0.950581	-0.162231
0.424080	0.950581	-0.160645
0.425613	0.950581	-0.156616
0.427147	0.950581	-0.156372
0.428681	0.950581	-0.153687
0.429448	0.950581	-0.152710
0.430982	0.950581	-0.146362
0.431748	0.951308	-0.143921
0.437117	0.951308	-0.142944
0.437883	0.952035	-0.140991
0.437883	0.954942	-0.139038
0.440951	0.954942	-0.138916
0.442485	0.954942	-0.137451
0.443252	0.956395	-0.134888
0.445552	0.956395	-0.132690
0.445552	0.957849	-0.132324
0.453221	0.957849	-0.131836
0.453221	0.959302	-0.128296
0.453988	0.959302	-0.123718
0.453988	0.960029	-0.123657
0.455521	0.960029	-0.123413
0.457055	0.960029	-0.123047
0.458589	0.960029	-0.121948
0.462423	0.960029	-0.120850
0.462423	0.960756	-0.120117
0.463957	0.960756	-0.119629
0.463957	0.961483	-0.115051
0.467025	0.961483	-0.114807
0.469325	0.961483	-0.113892
0.470092	0.962209	-0.113525
0.470092	0.962936	-0.109985
0.471626	0.962936	-0.109131
0.471626	0.963663	-0.107483
0.473160	0.963663	-0.107300
0.474693	0.963663	-0.102966
0.475460	0.963663	-0.102295
0.475460	0.964390	-0.100464
0.477761	0.964390	-0.095825
0.482362	0.964390	-0.090820
0.485429	0.964390	-0.084106
0.486963	0.964390	-0.075134
0.491564	0.964390	-0.073730
0.492331	0.965116	-0.071777
0.493865	0.965116	-0.069153
0.495399	0.965116	-0.065247
0.495399	0.965843	-0.064697
0.497699	0.965843	-0.062866
0.497699	0.967297	-0.052734
0.498466	0.967297	-0.050171
0.498466	0.968750	-0.042847
0.500000	0.968750	-0.042358
0.500767	0.969477	-0.035858
0.500767	0.970203	-0.034637
0.501534	0.970203	-0.034546
0.503067	0.970203	-0.032410
0.503067	0.970930	-0.032013
0.503834	0.970930	-0.029160
0.505368	0.970930	-0.028839
0.506135	0.970930	-0.028244
0.507669	0.970930	-0.021729
0.509202	0.970930	-0.016953
0.510736	0.970930	-0.016769
0.512270	0.970930	-0.016678
0.512270	0.971657	-0.013832
0.515337	0.971657	-0.007771
0.515337	0.973110	-0.007122
0.516104	0.973110	-0.007107
0.518405	0.973110	-0.001195
0.519939	0.973110	0.001087
0.524540	0.973110	0.003313
0.524540	0.973837	0.003494
0.524540	0.975291	0.005104
0.525307	0.975291	0.006767
0.525307	0.976017	0.012039
0.528374	0.976017	0.017471
0.528374	0.976744	0.017517
0.529908	0.976744	0.019104
0.533742	0.976744	0.019226
0.533742	0.977471	0.021210
0.539877	0.977471	0.025208
0.541411	0.977471	0.027405
0.541411	0.978198	0.033966
0.542945	0.978198	0.034424
0.545245	0.978198	0.034607
0.547546	0.978198	0.038239
0.550613	0.978198	0.040070
0.550613	0.978924	0.045929
0.551380	0.978924	0.048004
0.552914	0.979651	0.050629
0.552914	0.980378	0.052582
0.553681	0.980378	0.055603
0.555215	0.980378	0.057404
0.557515	0.980378	0.064941
0.559049	0.980378	0.067871
0.561350	0.980378	0.074463
0.562883	0.980378	0.074524
0.563650	0.981105	0.082214
0.566718	0.981105	0.086914
0.567485	0.981831	0.087280
0.570552	0.981831	0.087341
0.571319	0.982558	0.093323
0.572086	0.982558	0.094299
0.572086	0.984012	0.097351
0.572853	0.984012	0.097412
0.574387	0.984738	0.101257
0.575920	0.984738	0.102295
0.578221	0.984738	0.103210
0.579755	0.984738	0.104004
0.579755	0.985465	0.104614
0.580521	0.985465	0.105835
0.582055	0.985465	0.107910
0.583589	0.985465	0.109436
0.587423	0.985465	0.112427
0.588190	0.986192	0.113342
0.589724	0.986192	0.114624
0.591258	0.986192	0.115601
0.594325	0.986192	0.116089
0.595859	0.986192	0.117065
0.596626	0.986919	0.117371
0.598160	0.986919	0.124023
0.598160	0.987645	0.124878
0.600460	0.987645	0.125366
0.601227	0.988372	0.127319
0.601994	0.988372	0.129761
0.603528	0.988372	0.132568
0.604294	0.989099	0.134277
0.605828	0.989099	0.135620
0.607362	0.989099	0.138550
0.609663	0.989099	0.140503
0.611196	0.989099	0.143799
0.614264	0.989099	0.144165
0.615798	0.989099	0.144897
0.618098	0.989099	0.145142
0.618098	0.989826	0.146118
0.623466	0.989826	0.153809
0.625000	0.989826	0.161865
0.627301	0.989826	0.165405
0.627301	0.990552	0.166016
0.628067	0.990552	0.166138
0.629601	0.990552	0.166748
0.631902	0.990552	0.167480
0.632669	0.991279	0.173096
0.632669	0.992006	0.173950
0.634202	0.992006	0.176270
0.636503	0.992006	0.177368
0.639571	0.992006	0.180542
0.641871	0.992006	0.187744
0.643405	0.992006	0.188354
0.644172	0.992006	0.192993
0.647239	0.992006	0.193481
0.648773	0.992006	0.195312
0.651074	0.992006	0.197388
0.654908	0.992006	0.198608
0.656442	0.992006	0.200317
0.657975	0.992733	0.202515
0.659509	0.992733	0.202637
0.663344	0.992733	0.217407
0.664877	0.992733	0.218140
0.665644	0.992733	0.219116
0.665644	0.993459	0.220581
0.667178	0.993459	0.221436
0.670245	0.993459	0.226318
0.671779	0.993459	0.227783
0.671779	0.994186	0.233765
0.673313	0.994913	0.235107
0.674847	0.994913	0.235229
0.676380	0.994913	0.235474
0.677914	0.994913	0.236328
0.678681	0.994913	0.242676
0.686350	0.994913	0.245239
0.688650	0.994913	0.245361
0.690184	0.994913	0.247681
0.693252	0.994913	0.253906
0.693252	0.995640	0.254150
0.694018	0.995640	0.255615
0.695552	0.995640	0.258545
0.696319	0.995640	0.262207
0.697853	0.995640	0.262939
0.698620	0.995640	0.263916
0.703221	0.995640	0.266602
0.703988	0.995640	0.267822
0.705521	0.995640	0.268555
0.708589	0.995640	0.269287
0.710123	0.995640	0.270752
0.710890	0.995640	0.271729
0.712423	0.995640	0.272461
0.713190	0.995640	0.273438
0.714724	0.995640	0.275391
0.717025	0.995640	0.276367
0.717025	0.996366	0.276611
0.717791	0.996366	0.277100
0.719325	0.997093	0.288818
0.720859	0.997093	0.290283
0.723926	0.997093	0.291016
0.727761	0.997093	0.291504
0.729294	0.997093	0.293457
0.732362	0.997093	0.294189
0.733896	0.997093	0.294434
0.736196	0.997093	0.295410
0.736963	0.997093	0.297852
0.738497	0.997093	0.298096
0.743098	0.997093	0.299805
0.744632	0.997093	0.302246
0.745399	0.997093	0.305420
0.750000	0.997093	0.306152
0.753834	0.997093	0.306641
0.756135	0.997093	0.313477
0.756902	0.997820	0.314209
0.758436	0.997820	0.314941
0.759202	0.997820	0.315674
0.761503	0.997820	0.317139
0.769939	0.997820	0.317383
0.772239	0.997820	0.318604
0.774540	0.997820	0.322021
0.776840	0.997820	0.323975
0.778374	0.997820	0.327148
0.779908	0.997820	0.331055
0.781442	0.997820	0.333252
0.782975	0.997820	0.338867
0.784509	0.997820	0.339600
0.786810	0.997820	0.346191
0.789877	0.997820	0.348389
0.790644	0.997820	0.352295
0.792945	0.997820	0.352539
0.797546	0.997820	0.354004
0.800613	0.997820	0.354980
0.803681	0.997820	0.355713
0.804448	0.997820	0.358154
0.805982	0.997820	0.358398
0.808282	0.997820	0.367188
0.809049	0.998547	0.371338
0.812117	0.998547	0.374512
0.813650	0.998547	0.377197
0.815951	0.998547	0.378418
0.819018	0.998547	0.380615
0.819785	0.998547	0.382568
0.822086	0.998547	0.382812
0.823620	0.998547	0.383789
0.825153	0.998547	0.384766
0.825920	0.998547	0.385254
0.827454	0.998547	0.387451
0.828221	0.998547	0.387695
0.829755	0.998547	0.391113
0.829755	0.999273	0.391357
0.830521	0.999273	0.398193
0.832822	0.999273	0.402100
0.833589	0.999273	0.405762
0.835123	0.999273	0.406250
0.836656	1.000000	0.408203
0.838190	1.000000	0.410156
0.842791	1.000000	0.416016
0.844325	1.000000	0.421143
0.845092	1.000000	0.423340
0.846626	1.000000	0.424072
0.847393	1.000000	0.428711
0.848926	1.000000	0.431885
0.850460	1.000000	0.434570
0.852761	1.000000	0.434814
0.857362	1.000000	0.439697
0.861963	1.000000	0.440430
0.864264	1.000000	0.444824
0.865798	1.000000	0.445557
0.868865	1.000000	0.446533
0.869632	1.000000	0.446777
0.871933	1.000000	0.447021
0.878834	1.000000	0.449463
0.881135	1.000000	0.450684
0.884202	1.000000	0.451416
0.886503	1.000000	0.451904
0.888037	1.000000	0.452148
0.890337	1.000000	0.452637
0.892638	1.000000	0.454102
0.896472	1.000000	0.457031
0.899540	1.000000	0.457764
0.901840	1.000000	0.458496
0.904908	1.000000	0.460693
0.907209	1.000000	0.465088
0.909509	1.000000	0.466309
0.912577	1.000000	0.469727
0.916411	1.000000	0.471924
0.921012	1.000000	0.478516
0.921779	1.000000	0.479492
0.923313	1.000000	0.479980
0.924080	1.000000	0.482422
0.926380	1.000000	0.482910
0.927914	1.000000	0.483887
0.930215	1.000000	0.484619
0.940951	1.000000	0.485596
0.943252	1.000000	0.489746
0.944785	1.000000	0.490479
0.946319	1.000000	0.493652
0.949387	1.000000	0.494385
0.953988	1.000000	0.495361
0.954755	1.000000	0.495850
0.956288	1.000000	0.498779
0.958589	1.000000	0.499023
0.963190	1.000000	0.499268
0.964724	1.000000	0.500488
0.969325	1.000000	0.501465
0.970859	1.000000	0.503418
0.976994	1.000000	0.507324
0.978528	1.000000	0.511719
0.983129	1.000000	0.512695
0.984663	1.000000	0.517090
0.996933	1.000000	0.517578
0.998466	1.000000	0.518066
1.000000	1.000000	0.519531
